 degree:11
 order:144
[ 11, 55, 22, 55 ][ 2, 0, 0, 5, 3, 2 ]

minimal polynomial:[ x-11, x-5, x-1, x+1, x+5 ]
[ x-55, x-7, x+5 ]
[ x-22, x-10, x+2 ]
[ x-55, x-5, x+1, x+5, x+11 ]

 SITA:
[ [ [ 1, 0, 0, 0, 0 ], [ 0, 1, 0, 0, 0 ], [ 0, 0, 1, 0, 0 ], [ 0, 0, 0, 1, 0 ], [ 0, 0, 0, 0, 1 ] ],
  [ [ 0, 11, 0, 0, 0 ], [ 1, 0, 10, 0, 0 ], [ 0, 2, 4, 2, 3 ], [ 0, 0, 5, 1, 5 ], [ 0, 0, 3, 2, 6 ] ]
    , [ [ 0, 0, 55, 0, 0 ], [ 0, 10, 20, 10, 15 ], [ 1, 4, 22, 8, 20 ], [ 0, 5, 20, 5, 25 ],
      [ 0, 3, 20, 10, 22 ] ],
  [ [ 0, 0, 0, 22, 0 ], [ 0, 0, 10, 2, 10 ], [ 0, 2, 8, 2, 10 ], [ 1, 1, 5, 10, 5 ],
      [ 0, 2, 10, 2, 8 ] ], [ [ 0, 0, 0, 0, 55 ], [ 0, 0, 15, 10, 30 ], [ 0, 3, 20, 10, 22 ],
      [ 0, 5, 25, 5, 20 ], [ 1, 6, 22, 8, 18 ] ] ]
