 degree:8
 order:30
[ 8, 1, 12, 8 ][ 8, 0, 2 ][ 0, 0 ][ 6 ][ 0, 0 ][ 0 ][ 6 ]

minimal polynomial:[ x-8, x-6, x, x+2, x+4 ]x^2-1
x^4-8*x^3-60*x^2+144*x
x^3-6*x^2-16*x

 SITAs:
[ [ [ 1, 0, 0, 0, 0 ], [ 0, 1, 0, 0, 0 ], [ 0, 0, 1, 0, 0 ], [ 0, 0, 0, 1, 0 ], [ 0, 0, 0, 0, 1 ] ], 
  [ [ 0, 8, 0, 0, 0 ], [ 1, 4, 1, 0, 2 ], [ 0, 8, 0, 0, 0 ], [ 0, 0, 0, 4, 4 ], [ 0, 2, 0, 6, 0 ] ], 
  [ [ 0, 0, 1, 0, 0 ], [ 0, 1, 0, 0, 0 ], [ 1, 0, 0, 0, 0 ], [ 0, 0, 0, 1, 0 ], [ 0, 0, 0, 0, 1 ] ], 
  [ [ 0, 0, 0, 12, 0 ], [ 0, 0, 0, 6, 6 ], [ 0, 0, 0, 12, 0 ], [ 1, 4, 1, 2, 4 ], [ 0, 6, 0, 6, 0 ] ], 
  [ [ 0, 0, 0, 0, 8 ], [ 0, 2, 0, 6, 0 ], [ 0, 0, 0, 0, 8 ], [ 0, 4, 0, 4, 0 ], [ 1, 0, 1, 0, 6 ] ] ]

