 degree:12
 order:30
[ 12, 1, 8, 8 ][ 12, 3, 6 ][ 0, 0 ][ 6 ][ 0, 0 ][ 0 ][ 2 ]

minimal polynomial:[ x-12, x-4, x, x+3, x+6 ]x^2-1
x^4-7*x^3-20*x^2+96*x
x^3-6*x^2-16*x

 SITAs:
[ [ [ 1, 0, 0, 0, 0 ], [ 0, 1, 0, 0, 0 ], [ 0, 0, 1, 0, 0 ], [ 0, 0, 0, 1, 0 ], [ 0, 0, 0, 0, 1 ] ], 
  [ [ 0, 12, 0, 0, 0 ], [ 1, 4, 1, 2, 4 ], [ 0, 12, 0, 0, 0 ], [ 0, 3, 0, 3, 6 ], [ 0, 6, 0, 6, 0 ] ], 
  [ [ 0, 0, 1, 0, 0 ], [ 0, 1, 0, 0, 0 ], [ 1, 0, 0, 0, 0 ], [ 0, 0, 0, 1, 0 ], [ 0, 0, 0, 0, 1 ] ], 
  [ [ 0, 0, 0, 8, 0 ], [ 0, 2, 0, 2, 4 ], [ 0, 0, 0, 8, 0 ], [ 1, 3, 1, 1, 2 ], [ 0, 6, 0, 2, 0 ] ], 
  [ [ 0, 0, 0, 0, 8 ], [ 0, 4, 0, 4, 0 ], [ 0, 0, 0, 0, 8 ], [ 0, 6, 0, 2, 0 ], [ 1, 0, 1, 0, 6 ] ] ]

