 degree:8
 order:27
[ 8, 8, 2, 8 ][ 1, 0, 3 ][ 4, 3 ][ 1 ][ 0, 1 ][ 1 ][ 0 ]

minimal polynomial:[ x-8, x+1, x^3-12*x-8 ]
 Galois type:1

 minimal polynomial of other basis elements:
 x^5-7*x^4-20*x^3+76*x^2+152*x+64
x^2-x-2
x^5-7*x^4-20*x^3+76*x^2+152*x+64

 SITAs:
[ [ [ 1, 0, 0, 0, 0 ], [ 0, 1, 0, 0, 0 ], [ 0, 0, 1, 0, 0 ], [ 0, 0, 0, 1, 0 ], [ 0, 0, 0, 0, 1 ] ], 
  [ [ 0, 8, 0, 0, 0 ], [ 1, 3, 1, 0, 3 ], [ 0, 1, 3, 1, 3 ], [ 0, 0, 4, 0, 4 ], [ 0, 3, 3, 1, 1 ] ], 
  [ [ 0, 0, 8, 0, 0 ], [ 0, 1, 3, 1, 3 ], [ 1, 3, 3, 0, 1 ], [ 0, 4, 0, 0, 4 ], [ 0, 3, 1, 1, 3 ] ], 
  [ [ 0, 0, 0, 2, 0 ], [ 0, 0, 1, 0, 1 ], [ 0, 1, 0, 0, 1 ], [ 1, 0, 0, 1, 0 ], [ 0, 1, 1, 0, 0 ] ], 
  [ [ 0, 0, 0, 0, 8 ], [ 0, 3, 3, 1, 1 ], [ 0, 3, 1, 1, 3 ], [ 0, 4, 4, 0, 0 ], [ 1, 1, 3, 0, 3 ] ] ]

