 degree:16
 order:40
[ 16, 3, 4, 16 ][ 16, 0, 12 ][ 0, 0 ][ 4 ][ 0, 0 ][ 0 ][ 0 ]

minimal polynomial:[ x-16, x-4, x, x+4, x+16 ]x^2-2*x-3
x^3-16*x
x^3-12*x^2-64*x

 SITAs:
[ [ [ 1, 0, 0, 0, 0 ], [ 0, 1, 0, 0, 0 ], [ 0, 0, 1, 0, 0 ], [ 0, 0, 0, 1, 0 ], [ 0, 0, 0, 0, 1 ] ], 
  [ [ 0, 16, 0, 0, 0 ], [ 1, 0, 3, 0, 12 ], [ 0, 16, 0, 0, 0 ], [ 0, 0, 0, 0, 16 ], [ 0, 12, 0, 4, 0 ] ], 
  [ [ 0, 0, 3, 0, 0 ], [ 0, 3, 0, 0, 0 ], [ 1, 0, 2, 0, 0 ], [ 0, 0, 0, 3, 0 ], [ 0, 0, 0, 0, 3 ] ], 
  [ [ 0, 0, 0, 4, 0 ], [ 0, 0, 0, 0, 4 ], [ 0, 0, 0, 4, 0 ], [ 1, 0, 3, 0, 0 ], [ 0, 4, 0, 0, 0 ] ], 
  [ [ 0, 0, 0, 0, 16 ], [ 0, 12, 0, 4, 0 ], [ 0, 0, 0, 0, 16 ], [ 0, 16, 0, 0, 0 ], [ 1, 0, 3, 0, 12 ] ] ]

