 degree:10
 order:81
[ 10, 20, 20, 30 ][ 2, 2, 0, 2, 4, 2 ]

minimal polynomial:[ x-10, x-4, x-1, x+2, x+5 ]
[ x-20, x-8, x-2, x+1, x+4 ]
[ x-20, x-2, x+7 ]
[ x-30, x-3, x+6 ]

 SITA:
[ [ [ 1, 0, 0, 0, 0 ], [ 0, 1, 0, 0, 0 ], [ 0, 0, 1, 0, 0 ], [ 0, 0, 0, 1, 0 ], [ 0, 0, 0, 0, 1 ] ],
  [ [ 0, 10, 0, 0, 0 ], [ 1, 1, 4, 4, 0 ], [ 0, 2, 0, 2, 6 ], [ 0, 2, 2, 3, 3 ], [ 0, 0, 4, 2, 4 ] ],
  [ [ 0, 0, 20, 0, 0 ], [ 0, 4, 0, 4, 12 ], [ 1, 0, 7, 6, 6 ], [ 0, 2, 6, 6, 6 ], [ 0, 4, 4, 4, 8 ] ]
    , [ [ 0, 0, 0, 20, 0 ], [ 0, 4, 4, 6, 6 ], [ 0, 2, 6, 6, 6 ], [ 1, 3, 6, 1, 9 ],
      [ 0, 2, 4, 6, 8 ] ],
  [ [ 0, 0, 0, 0, 30 ], [ 0, 0, 12, 6, 12 ], [ 0, 6, 6, 6, 12 ], [ 0, 3, 6, 9, 12 ],
      [ 1, 4, 8, 8, 9 ] ] ]