 degree:12
 order:48
[ 12, 5, 12, 18 ][ 12, 0, 4 ][ 0, 0 ][ 8 ][ 0, 0 ][ 0 ][ 4 ]

minimal polynomial:[ x-12, x, x+12, x^2-48 ]
 Galois type:1

 minimal polynomial of other basis elements:
 x^2-4*x-5
x^5-192*x^3+6912*x
x^3-12*x^2-108*x

 SITAs:
[ [ [ 1, 0, 0, 0, 0 ], [ 0, 1, 0, 0, 0 ], [ 0, 0, 1, 0, 0 ], [ 0, 0, 0, 1, 0 ], [ 0, 0, 0, 0, 1 ] ], 
  [ [ 0, 12, 0, 0, 0 ], [ 1, 0, 5, 0, 6 ], [ 0, 12, 0, 0, 0 ], [ 0, 0, 0, 0, 12 ], [ 0, 4, 0, 8, 0 ] ], 
  [ [ 0, 0, 5, 0, 0 ], [ 0, 5, 0, 0, 0 ], [ 1, 0, 4, 0, 0 ], [ 0, 0, 0, 5, 0 ], [ 0, 0, 0, 0, 5 ] ], 
  [ [ 0, 0, 0, 12, 0 ], [ 0, 0, 0, 0, 12 ], [ 0, 0, 0, 12, 0 ], [ 1, 0, 5, 0, 6 ], [ 0, 8, 0, 4, 0 ] ], 
  [ [ 0, 0, 0, 0, 18 ], [ 0, 6, 0, 12, 0 ], [ 0, 0, 0, 0, 18 ], [ 0, 12, 0, 6, 0 ], [ 1, 0, 5, 0, 12 ] ] ]

