 degree:20
 order:45
[ 20, 6, 10, 8 ][ 10, 6, 15 ][ 6, 0 ][ 5 ][ 0, 3 ][ 0 ][ 5 ]

minimal polynomial:[ x-20, x-5, x, x+4, x+10 ]x^3-4*x^2-15*x+18
x^4-9*x^3-30*x^2+200*x
x^3-8*x^2-4*x+32

 SITAs:
[ [ [ 1, 0, 0, 0, 0 ], [ 0, 1, 0, 0, 0 ], [ 0, 0, 1, 0, 0 ], [ 0, 0, 0, 1, 0 ], [ 0, 0, 0, 0, 1 ] ], 
  [ [ 0, 20, 0, 0, 0 ], [ 1, 7, 3, 3, 6 ], [ 0, 10, 0, 10, 0 ], [ 0, 6, 6, 4, 4 ], [ 0, 15, 0, 5, 0 ] ], 
  [ [ 0, 0, 6, 0, 0 ], [ 0, 3, 0, 3, 0 ], [ 1, 0, 1, 0, 4 ], [ 0, 6, 0, 0, 0 ], [ 0, 0, 3, 0, 3 ] ], 
  [ [ 0, 0, 0, 10, 0 ], [ 0, 3, 3, 2, 2 ], [ 0, 10, 0, 0, 0 ], [ 1, 4, 0, 1, 4 ], [ 0, 5, 0, 5, 0 ] ], 
  [ [ 0, 0, 0, 0, 8 ], [ 0, 6, 0, 2, 0 ], [ 0, 0, 4, 0, 4 ], [ 0, 4, 0, 4, 0 ], [ 1, 0, 3, 0, 4 ] ] ]

