 degree:8
 order:45
[ 8, 12, 8, 16 ][ 4, 0, 0 ][ 0, 3 ][ 4 ][ 6, 0 ][ 0 ][ 0 ]

minimal polynomial:[ x-8, x-5, x, x+4, x+7 ]x^3-13*x^2+6*x+72
x^3-5*x^2-28*x+32
x^5-x^4-246*x^3-184*x^2+4480*x

 SITAs:
[ [ [ 1, 0, 0, 0, 0 ], [ 0, 1, 0, 0, 0 ], [ 0, 0, 1, 0, 0 ], [ 0, 0, 0, 1, 0 ], [ 0, 0, 0, 0, 1 ] ], 
  [ [ 0, 8, 0, 0, 0 ], [ 1, 1, 6, 0, 0 ], [ 0, 4, 0, 0, 4 ], [ 0, 0, 0, 0, 8 ], [ 0, 0, 3, 4, 1 ] ], 
  [ [ 0, 0, 12, 0, 0 ], [ 0, 6, 0, 0, 6 ], [ 1, 0, 7, 4, 0 ], [ 0, 0, 6, 6, 0 ], [ 0, 3, 0, 0, 9 ] ], 
  [ [ 0, 0, 0, 8, 0 ], [ 0, 0, 0, 0, 8 ], [ 0, 0, 4, 4, 0 ], [ 1, 0, 6, 1, 0 ], [ 0, 4, 0, 0, 4 ] ], 
  [ [ 0, 0, 0, 0, 16 ], [ 0, 0, 6, 8, 2 ], [ 0, 4, 0, 0, 12 ], [ 0, 8, 0, 0, 8 ], [ 1, 1, 9, 4, 1 ] ] ]

