 degree:14
 order:42
[ 14, 12, 1, 14 ][ 7, 0, 1 ][ 0, 6 ][ 1 ][ 12, 0 ][ 0 ][ 0 ]

minimal polynomial:[ x-14, x-7, x, x+2, x+7 ]x^3-10*x^2-24*x
x^2-1
x^4-9*x^3-84*x^2+196*x

 SITAs:
[ [ [ 1, 0, 0, 0, 0 ], [ 0, 1, 0, 0, 0 ], [ 0, 0, 1, 0, 0 ], [ 0, 0, 0, 1, 0 ], [ 0, 0, 0, 0, 1 ] ], 
  [ [ 0, 14, 0, 0, 0 ], [ 1, 6, 6, 0, 1 ], [ 0, 7, 0, 0, 7 ], [ 0, 0, 0, 0, 14 ], [ 0, 1, 6, 1, 6 ] ], 
  [ [ 0, 0, 12, 0, 0 ], [ 0, 6, 0, 0, 6 ], [ 1, 0, 10, 1, 0 ], [ 0, 0, 12, 0, 0 ], [ 0, 6, 0, 0, 6 ] ], 
  [ [ 0, 0, 0, 1, 0 ], [ 0, 0, 0, 0, 1 ], [ 0, 0, 1, 0, 0 ], [ 1, 0, 0, 0, 0 ], [ 0, 1, 0, 0, 0 ] ], 
  [ [ 0, 0, 0, 0, 14 ], [ 0, 1, 6, 1, 6 ], [ 0, 7, 0, 0, 7 ], [ 0, 14, 0, 0, 0 ], [ 1, 6, 6, 0, 1 ] ] ]

