 degree:7
 order:140
[ 7, 42, 27, 63 ][ 1, 0, 0, 0, 4, 3 ]

minimal polynomial:[ x-7, x-3, x, x+3, x+7 ]
[ x-42, x-2, x+7 ]
[ x-27, x-6, x+3 ]
[ x-63, x-3, x, x+3, x+63 ]

 SITA:
[ [ [ 1, 0, 0, 0, 0 ], [ 0, 1, 0, 0, 0 ], [ 0, 0, 1, 0, 0 ], [ 0, 0, 0, 1, 0 ], [ 0, 0, 0, 0, 1 ] ],
  [ [ 0, 7, 0, 0, 0 ], [ 1, 0, 6, 0, 0 ], [ 0, 1, 0, 0, 6 ], [ 0, 0, 0, 0, 7 ], [ 0, 0, 4, 3, 0 ] ],
  [ [ 0, 0, 42, 0, 0 ], [ 0, 6, 0, 0, 36 ], [ 1, 0, 23, 18, 0 ], [ 0, 0, 28, 14, 0 ],
      [ 0, 4, 0, 0, 38 ] ],
  [ [ 0, 0, 0, 27, 0 ], [ 0, 0, 0, 0, 27 ], [ 0, 0, 18, 9, 0 ], [ 1, 0, 14, 12, 0 ],
      [ 0, 3, 0, 0, 24 ] ],
  [ [ 0, 0, 0, 0, 63 ], [ 0, 0, 36, 27, 0 ], [ 0, 6, 0, 0, 57 ], [ 0, 7, 0, 0, 56 ],
      [ 1, 0, 38, 24, 0 ] ] ]
