 degree:20
 order:48
[ 20, 5, 12, 10 ][ 8, 5, 14 ][ 5, 0 ][ 6 ][ 0, 2 ][ 0 ][ 6 ]

minimal polynomial:[ x-20, x-6, x, x+4, x+10 ]x^3-3*x^2-13*x+15
x^4-10*x^3-48*x^2+288*x
x^3-10*x^2-4*x+40

 SITAs:
[ [ [ 1, 0, 0, 0, 0 ], [ 0, 1, 0, 0, 0 ], [ 0, 0, 1, 0, 0 ], [ 0, 0, 0, 1, 0 ], [ 0, 0, 0, 0, 1 ] ], 
  [ [ 0, 20, 0, 0, 0 ], [ 1, 7, 2, 3, 7 ], [ 0, 8, 0, 12, 0 ], [ 0, 5, 5, 5, 5 ], [ 0, 14, 0, 6, 0 ] ], 
  [ [ 0, 0, 5, 0, 0 ], [ 0, 2, 0, 3, 0 ], [ 1, 0, 0, 0, 4 ], [ 0, 5, 0, 0, 0 ], [ 0, 0, 2, 0, 3 ] ], 
  [ [ 0, 0, 0, 12, 0 ], [ 0, 3, 3, 3, 3 ], [ 0, 12, 0, 0, 0 ], [ 1, 5, 0, 1, 5 ], [ 0, 6, 0, 6, 0 ] ], 
  [ [ 0, 0, 0, 0, 10 ], [ 0, 7, 0, 3, 0 ], [ 0, 0, 4, 0, 6 ], [ 0, 5, 0, 5, 0 ], [ 1, 0, 3, 0, 6 ] ] ]

