 degree:11
 order:144
[ 11, 88, 22, 22 ][ 1, 0, 0, 4, 8, 2 ]

minimal polynomial:[ x-11, x-5, x-3, x+1, x+3 ]
[ x-88, x-4, x+8 ]
[ x-22, x-6, x, x+2, x+8 ]
[ x-22, x-10, x+2 ]

 SITA:
[ [ [ 1, 0, 0, 0, 0 ], [ 0, 1, 0, 0, 0 ], [ 0, 0, 1, 0, 0 ], [ 0, 0, 0, 1, 0 ], [ 0, 0, 0, 0, 1 ] ],
  [ [ 0, 11, 0, 0, 0 ], [ 1, 2, 8, 0, 0 ], [ 0, 1, 7, 1, 2 ], [ 0, 0, 4, 5, 2 ], [ 0, 0, 8, 2, 1 ] ],
  [ [ 0, 0, 88, 0, 0 ], [ 0, 8, 56, 8, 16 ], [ 1, 7, 52, 14, 14 ], [ 0, 4, 56, 12, 16 ],
      [ 0, 8, 56, 16, 8 ] ],
  [ [ 0, 0, 0, 22, 0 ], [ 0, 0, 8, 10, 4 ], [ 0, 1, 14, 3, 4 ], [ 1, 5, 12, 2, 2 ],
      [ 0, 2, 16, 2, 2 ] ],
  [ [ 0, 0, 0, 0, 22 ], [ 0, 0, 16, 4, 2 ], [ 0, 2, 14, 4, 2 ], [ 0, 2, 16, 2, 2 ],
      [ 1, 1, 8, 2, 10 ] ] ]
