 degree:9
 order:112
[ 9, 72, 3, 27 ][ 1, 0, 0, 0, 8, 1 ]

minimal polynomial:[ x-9, x-3, x-1, x+3, x+5 ]
[ x-72, x-16, x, x+8 ]
[ x-3, x+1 ]
[ x-27, x-3, x+3, x+15 ]

 SITA:
[ [ [ 1, 0, 0, 0, 0 ], [ 0, 1, 0, 0, 0 ], [ 0, 0, 1, 0, 0 ], [ 0, 0, 0, 1, 0 ], [ 0, 0, 0, 0, 1 ] ],
  [ [ 0, 9, 0, 0, 0 ], [ 1, 0, 8, 0, 0 ], [ 0, 1, 5, 0, 3 ], [ 0, 0, 0, 0, 9 ], [ 0, 0, 8, 1, 0 ] ],
  [ [ 0, 0, 72, 0, 0 ], [ 0, 8, 40, 0, 24 ], [ 1, 5, 48, 3, 15 ], [ 0, 0, 72, 0, 0 ],
      [ 0, 8, 40, 0, 24 ] ],
  [ [ 0, 0, 0, 3, 0 ], [ 0, 0, 0, 0, 3 ], [ 0, 0, 3, 0, 0 ], [ 1, 0, 0, 2, 0 ], [ 0, 1, 0, 0, 2 ] ],
  [ [ 0, 0, 0, 0, 27 ], [ 0, 0, 24, 3, 0 ], [ 0, 3, 15, 0, 9 ], [ 0, 9, 0, 0, 18 ],
      [ 1, 0, 24, 2, 0 ] ] ]

 