 degree:20
 order:50
[ 20, 8, 1, 20 ][ 10, 0, 7 ][ 0, 4 ][ 1 ][ 8, 0 ][ 0 ][ 0 ]

minimal polynomial:[ x-20, x-5, x, x+4, x+5 ]x^3-6*x^2-16*x
x^2-1
x^4-19*x^3-40*x^2+400*x

 SITAs:
[ [ [ 1, 0, 0, 0, 0 ], [ 0, 1, 0, 0, 0 ], [ 0, 0, 1, 0, 0 ], [ 0, 0, 0, 1, 0 ], [ 0, 0, 0, 0, 1 ] ], 
  [ [ 0, 20, 0, 0, 0 ], [ 1, 8, 4, 0, 7 ], [ 0, 10, 0, 0, 10 ], [ 0, 0, 0, 0, 20 ], [ 0, 7, 4, 1, 8 ] ], 
  [ [ 0, 0, 8, 0, 0 ], [ 0, 4, 0, 0, 4 ], [ 1, 0, 6, 1, 0 ], [ 0, 0, 8, 0, 0 ], [ 0, 4, 0, 0, 4 ] ], 
  [ [ 0, 0, 0, 1, 0 ], [ 0, 0, 0, 0, 1 ], [ 0, 0, 1, 0, 0 ], [ 1, 0, 0, 0, 0 ], [ 0, 1, 0, 0, 0 ] ], 
  [ [ 0, 0, 0, 0, 20 ], [ 0, 7, 4, 1, 8 ], [ 0, 10, 0, 0, 10 ], [ 0, 20, 0, 0, 0 ], [ 1, 8, 4, 0, 7 ] ] ]

