 degree:4
 order:45
[ 4, 8, 16, 16 ][ 1, 0, 0, 1, 0, 2 ]

minimal polynomial:[ x-4, x-3, x-1, x+1, x+2 ]x^4-4*x^3-36*x^2+16*x+128
x^3-20*x^2+52*x+192
x^4-17*x^3+272*x-256

 SITA:
[ [ [ 1, 0, 0, 0, 0 ], [ 0, 1, 0, 0, 0 ], [ 0, 0, 1, 0, 0 ], 
      [ 0, 0, 0, 1, 0 ], [ 0, 0, 0, 0, 1 ] ], 
  [ [ 0, 4, 0, 0, 0 ], [ 1, 1, 2, 0, 0 ], [ 0, 1, 1, 2, 0 ], 
      [ 0, 0, 1, 1, 2 ], [ 0, 0, 0, 2, 2 ] ], 
  [ [ 0, 0, 8, 0, 0 ], [ 0, 2, 2, 4, 0 ], [ 1, 1, 0, 2, 4 ], 
      [ 0, 1, 1, 2, 4 ], [ 0, 0, 2, 4, 2 ] ], 
  [ [ 0, 0, 0, 16, 0 ], [ 0, 0, 4, 4, 8 ], [ 0, 2, 2, 4, 8 ], 
      [ 1, 1, 2, 8, 4 ], [ 0, 2, 4, 4, 6 ] ], 
  [ [ 0, 0, 0, 0, 16 ], [ 0, 0, 0, 8, 8 ], [ 0, 0, 4, 8, 4 ], 
      [ 0, 2, 4, 4, 6 ], [ 1, 2, 2, 6, 5 ] ] ]


 P-polynomial


