 degree:3
 order:28
[ 3, 6, 6, 12 ][ 1, 0, 0, 0, 1, 1 ]

minimal polynomial:[ x-3, x-2, x+1, x^2+2*x-1 ]
 Galois type:1

 minimal polynomial of other basis elements:
 x^5-5*x^4-16*x^3+52*x^2+64*x-96
x^4-8*x^3+6*x^2+40*x-24
x^3-14*x^2+16*x+96

 SITA:
[ [ [ 1, 0, 0, 0, 0 ], [ 0, 1, 0, 0, 0 ], [ 0, 0, 1, 0, 0 ], 
      [ 0, 0, 0, 1, 0 ], [ 0, 0, 0, 0, 1 ] ], 
  [ [ 0, 3, 0, 0, 0 ], [ 1, 0, 2, 0, 0 ], [ 0, 1, 0, 0, 2 ], 
      [ 0, 0, 0, 1, 2 ], [ 0, 0, 1, 1, 1 ] ], 
  [ [ 0, 0, 6, 0, 0 ], [ 0, 2, 0, 0, 4 ], [ 1, 0, 1, 2, 2 ], 
      [ 0, 0, 2, 0, 4 ], [ 0, 1, 1, 2, 2 ] ], 
  [ [ 0, 0, 0, 6, 0 ], [ 0, 0, 0, 2, 4 ], [ 0, 0, 2, 0, 4 ], 
      [ 1, 1, 0, 2, 2 ], [ 0, 1, 2, 1, 2 ] ], 
  [ [ 0, 0, 0, 0, 12 ], [ 0, 0, 4, 4, 4 ], [ 0, 2, 2, 4, 4 ], 
      [ 0, 2, 4, 2, 4 ], [ 1, 1, 2, 2, 6 ] ] ]


 P-polynomial


