 degree:20
 order:48
[ 20, 6, 1, 20 ][ 10, 0, 4 ][ 0, 3 ][ 1 ][ 6, 0 ][ 0 ][ 0 ]

minimal polynomial:[ x-20, x-10, x, x+2, x+4 ]x^3-4*x^2-12*x
x^2-1
x^5-8*x^4-228*x^3-320*x^2+1600*x

 SITAs:
[ [ [ 1, 0, 0, 0, 0 ], [ 0, 1, 0, 0, 0 ], [ 0, 0, 1, 0, 0 ], [ 0, 0, 0, 1, 0 ], [ 0, 0, 0, 0, 1 ] ], 
  [ [ 0, 20, 0, 0, 0 ], [ 1, 12, 3, 0, 4 ], [ 0, 10, 0, 0, 10 ], [ 0, 0, 0, 0, 20 ], [ 0, 4, 3, 1, 12 ] ], 
  [ [ 0, 0, 6, 0, 0 ], [ 0, 3, 0, 0, 3 ], [ 1, 0, 4, 1, 0 ], [ 0, 0, 6, 0, 0 ], [ 0, 3, 0, 0, 3 ] ], 
  [ [ 0, 0, 0, 1, 0 ], [ 0, 0, 0, 0, 1 ], [ 0, 0, 1, 0, 0 ], [ 1, 0, 0, 0, 0 ], [ 0, 1, 0, 0, 0 ] ], 
  [ [ 0, 0, 0, 0, 20 ], [ 0, 4, 3, 1, 12 ], [ 0, 10, 0, 0, 10 ], [ 0, 20, 0, 0, 0 ], [ 1, 12, 3, 0, 4 ] ] ]

