 degree:8
 order:42
[ 8, 1, 16, 16 ][ 8, 0, 2 ][ 0, 0 ][ 4 ][ 0, 0 ][ 0 ][ 4 ]

minimal polynomial:[ x-8, x, x+4, x^2-4*x-4 ]
 Galois type:1

 minimal polynomial of other basis elements:
 x^2-1
x^5-14*x^4-64*x^3+448*x^2+1024*x
x^5-12*x^4-88*x^3+352*x^2+512*x

 SITAs:
[ [ [ 1, 0, 0, 0, 0 ], [ 0, 1, 0, 0, 0 ], [ 0, 0, 1, 0, 0 ], [ 0, 0, 0, 1, 0 ], [ 0, 0, 0, 0, 1 ] ], 
  [ [ 0, 8, 0, 0, 0 ], [ 1, 2, 1, 0, 4 ], [ 0, 8, 0, 0, 0 ], [ 0, 0, 0, 4, 4 ], [ 0, 2, 0, 4, 2 ] ], 
  [ [ 0, 0, 1, 0, 0 ], [ 0, 1, 0, 0, 0 ], [ 1, 0, 0, 0, 0 ], [ 0, 0, 0, 1, 0 ], [ 0, 0, 0, 0, 1 ] ], 
  [ [ 0, 0, 0, 16, 0 ], [ 0, 0, 0, 8, 8 ], [ 0, 0, 0, 16, 0 ], [ 1, 4, 1, 6, 4 ], [ 0, 4, 0, 4, 8 ] ], 
  [ [ 0, 0, 0, 0, 16 ], [ 0, 4, 0, 8, 4 ], [ 0, 0, 0, 0, 16 ], [ 0, 4, 0, 4, 8 ], [ 1, 2, 1, 8, 4 ] ] ]

