 degree:18
 order:42
[ 18, 4, 1, 18 ][ 9, 0, 9 ][ 0, 2 ][ 1 ][ 4, 0 ][ 0 ][ 0 ]

minimal polynomial:[ x-18, x-3, x, x+3, x+6 ]x^3-2*x^2-8*x
x^2-1
x^4-21*x^3+36*x^2+324*x

 SITAs:
[ [ [ 1, 0, 0, 0, 0 ], [ 0, 1, 0, 0, 0 ], [ 0, 0, 1, 0, 0 ], [ 0, 0, 0, 1, 0 ], [ 0, 0, 0, 0, 1 ] ], 
  [ [ 0, 18, 0, 0, 0 ], [ 1, 6, 2, 0, 9 ], [ 0, 9, 0, 0, 9 ], [ 0, 0, 0, 0, 18 ], [ 0, 9, 2, 1, 6 ] ], 
  [ [ 0, 0, 4, 0, 0 ], [ 0, 2, 0, 0, 2 ], [ 1, 0, 2, 1, 0 ], [ 0, 0, 4, 0, 0 ], [ 0, 2, 0, 0, 2 ] ], 
  [ [ 0, 0, 0, 1, 0 ], [ 0, 0, 0, 0, 1 ], [ 0, 0, 1, 0, 0 ], [ 1, 0, 0, 0, 0 ], [ 0, 1, 0, 0, 0 ] ], 
  [ [ 0, 0, 0, 0, 18 ], [ 0, 9, 2, 1, 6 ], [ 0, 9, 0, 0, 9 ], [ 0, 18, 0, 0, 0 ], [ 1, 6, 2, 0, 9 ] ] ]

