 degree:4
 order:35
[ 4, 12, 6, 12 ][ 1, 0, 0, 2, 1, 1 ]

minimal polynomial:[ x-4, x+1, x^3-6*x+2 ]
 Galois type:2

 minimal polynomial of other basis elements:
 x^5-9*x^4-48*x^3+120*x^2+324*x-432
x^2-5*x-6
x^5-9*x^4-48*x^3+106*x^2+450*x+72

 SITA:
[ [ [ 1, 0, 0, 0, 0 ], [ 0, 1, 0, 0, 0 ], [ 0, 0, 1, 0, 0 ], 
      [ 0, 0, 0, 1, 0 ], [ 0, 0, 0, 0, 1 ] ], 
  [ [ 0, 4, 0, 0, 0 ], [ 1, 0, 3, 0, 0 ], [ 0, 1, 1, 1, 1 ], 
      [ 0, 0, 2, 0, 2 ], [ 0, 0, 1, 1, 2 ] ], 
  [ [ 0, 0, 12, 0, 0 ], [ 0, 3, 3, 3, 3 ], [ 1, 1, 3, 2, 5 ], 
      [ 0, 2, 4, 0, 6 ], [ 0, 1, 5, 3, 3 ] ], 
  [ [ 0, 0, 0, 6, 0 ], [ 0, 0, 3, 0, 3 ], [ 0, 1, 2, 0, 3 ], 
      [ 1, 0, 0, 5, 0 ], [ 0, 1, 3, 0, 2 ] ], 
  [ [ 0, 0, 0, 0, 12 ], [ 0, 0, 3, 3, 6 ], [ 0, 1, 5, 3, 3 ], 
      [ 0, 2, 6, 0, 4 ], [ 1, 2, 3, 2, 4 ] ] ]

