 degree:14
 order:48
[ 14, 5, 14, 14 ][ 14, 0, 4 ][ 0, 0 ][ 10 ][ 0, 0 ][ 0 ][ 4 ]

minimal polynomial:[ x-14, x-10, x, x+6, x+10 ]x^2-4*x-5
x^4-10*x^3-116*x^2+840*x
x^3-8*x^2-84*x

 SITAs:
[ [ [ 1, 0, 0, 0, 0 ], [ 0, 1, 0, 0, 0 ], [ 0, 0, 1, 0, 0 ], [ 0, 0, 0, 1, 0 ], [ 0, 0, 0, 0, 1 ] ], 
  [ [ 0, 14, 0, 0, 0 ], [ 1, 4, 5, 0, 4 ], [ 0, 14, 0, 0, 0 ], [ 0, 0, 0, 4, 10 ], [ 0, 4, 0, 10, 0 ] ], 
  [ [ 0, 0, 5, 0, 0 ], [ 0, 5, 0, 0, 0 ], [ 1, 0, 4, 0, 0 ], [ 0, 0, 0, 5, 0 ], [ 0, 0, 0, 0, 5 ] ], 
  [ [ 0, 0, 0, 14, 0 ], [ 0, 0, 0, 4, 10 ], [ 0, 0, 0, 14, 0 ], [ 1, 4, 5, 0, 4 ], [ 0, 10, 0, 4, 0 ] ], 
  [ [ 0, 0, 0, 0, 14 ], [ 0, 4, 0, 10, 0 ], [ 0, 0, 0, 0, 14 ], [ 0, 10, 0, 4, 0 ], [ 1, 0, 5, 0, 8 ] ] ]

