 degree:8
 order:24
[ 8, 6, 1, 8 ][ 4, 0, 1 ][ 0, 3 ][ 1 ][ 6, 0 ][ 0 ][ 0 ]

minimal polynomial:[ x-8, x-4, x, x+2, x+4 ]x^3-4*x^2-12*x
x^2-1
x^4-6*x^3-24*x^2+64*x

 SITAs:
[ [ [ 1, 0, 0, 0, 0 ], [ 0, 1, 0, 0, 0 ], [ 0, 0, 1, 0, 0 ], [ 0, 0, 0, 1, 0 ], [ 0, 0, 0, 0, 1 ] ], 
  [ [ 0, 8, 0, 0, 0 ], [ 1, 3, 3, 0, 1 ], [ 0, 4, 0, 0, 4 ], [ 0, 0, 0, 0, 8 ], [ 0, 1, 3, 1, 3 ] ], 
  [ [ 0, 0, 6, 0, 0 ], [ 0, 3, 0, 0, 3 ], [ 1, 0, 4, 1, 0 ], [ 0, 0, 6, 0, 0 ], [ 0, 3, 0, 0, 3 ] ], 
  [ [ 0, 0, 0, 1, 0 ], [ 0, 0, 0, 0, 1 ], [ 0, 0, 1, 0, 0 ], [ 1, 0, 0, 0, 0 ], [ 0, 1, 0, 0, 0 ] ], 
  [ [ 0, 0, 0, 0, 8 ], [ 0, 1, 3, 1, 3 ], [ 0, 4, 0, 0, 4 ], [ 0, 8, 0, 0, 0 ], [ 1, 3, 3, 0, 1 ] ] ]

