 degree:9
 order:30
[ 9, 2, 9, 9 ][ 9, 0, 3 ][ 0, 0 ][ 6 ][ 0, 0 ][ 0 ][ 3 ]

minimal polynomial:[ x-9, x-6, x, x+3, x+6 ]x^2-x-2
x^4-6*x^3-45*x^2+162*x
x^3-6*x^2-27*x

 SITAs:
[ [ [ 1, 0, 0, 0, 0 ], [ 0, 1, 0, 0, 0 ], [ 0, 0, 1, 0, 0 ], [ 0, 0, 0, 1, 0 ], [ 0, 0, 0, 0, 1 ] ], 
  [ [ 0, 9, 0, 0, 0 ], [ 1, 3, 2, 0, 3 ], [ 0, 9, 0, 0, 0 ], [ 0, 0, 0, 3, 6 ], [ 0, 3, 0, 6, 0 ] ], 
  [ [ 0, 0, 2, 0, 0 ], [ 0, 2, 0, 0, 0 ], [ 1, 0, 1, 0, 0 ], [ 0, 0, 0, 2, 0 ], [ 0, 0, 0, 0, 2 ] ], 
  [ [ 0, 0, 0, 9, 0 ], [ 0, 0, 0, 3, 6 ], [ 0, 0, 0, 9, 0 ], [ 1, 3, 2, 0, 3 ], [ 0, 6, 0, 3, 0 ] ], 
  [ [ 0, 0, 0, 0, 9 ], [ 0, 3, 0, 6, 0 ], [ 0, 0, 0, 0, 9 ], [ 0, 6, 0, 3, 0 ], [ 1, 0, 2, 0, 6 ] ] ]

