 degree:6
 order:24
[ 6, 3, 6, 8 ][ 2, 0, 3 ][ 2, 0 ][ 3 ][ 0, 0 ][ 0 ][ 3 ]

minimal polynomial:[ x-6, x-2, x, x+2, x+6 ]x^2-2*x-3
x^5-40*x^3+144*x
x^3-4*x^2-32*x

 SITAs:
[ [ [ 1, 0, 0, 0, 0 ], [ 0, 1, 0, 0, 0 ], [ 0, 0, 1, 0, 0 ], [ 0, 0, 0, 1, 0 ], [ 0, 0, 0, 0, 1 ] ], 
  [ [ 0, 6, 0, 0, 0 ], [ 1, 0, 1, 0, 4 ], [ 0, 2, 0, 4, 0 ], [ 0, 0, 2, 0, 4 ], [ 0, 3, 0, 3, 0 ] ], 
  [ [ 0, 0, 3, 0, 0 ], [ 0, 1, 0, 2, 0 ], [ 1, 0, 2, 0, 0 ], [ 0, 2, 0, 1, 0 ], [ 0, 0, 0, 0, 3 ] ], 
  [ [ 0, 0, 0, 6, 0 ], [ 0, 0, 2, 0, 4 ], [ 0, 4, 0, 2, 0 ], [ 1, 0, 1, 0, 4 ], [ 0, 3, 0, 3, 0 ] ], 
  [ [ 0, 0, 0, 0, 8 ], [ 0, 4, 0, 4, 0 ], [ 0, 0, 0, 0, 8 ], [ 0, 4, 0, 4, 0 ], [ 1, 0, 3, 0, 4 ] ] ]

