 degree:6
 order:35
[ 6, 12, 4, 12 ][ 2, 0, 0 ][ 3, 1 ][ 1 ][ 3, 4 ][ 2 ][ 0 ]

minimal polynomial:[ x-6, x-4, x-1, x+1, x+3 ]x^4-10*x^3-33*x^2+90*x+216
x^2-3*x-4
x^5-5*x^4-88*x^3+20*x^2+336*x

 SITAs:
[ [ [ 1, 0, 0, 0, 0 ], [ 0, 1, 0, 0, 0 ], [ 0, 0, 1, 0, 0 ], [ 0, 0, 0, 1, 0 ], [ 0, 0, 0, 0, 1 ] ], 
  [ [ 0, 6, 0, 0, 0 ], [ 1, 1, 4, 0, 0 ], [ 0, 2, 2, 1, 1 ], [ 0, 0, 3, 0, 3 ], [ 0, 0, 1, 1, 4 ] ], 
  [ [ 0, 0, 12, 0, 0 ], [ 0, 4, 4, 2, 2 ], [ 1, 2, 4, 1, 4 ], [ 0, 3, 3, 0, 6 ], [ 0, 1, 4, 2, 5 ] ], 
  [ [ 0, 0, 0, 4, 0 ], [ 0, 0, 2, 0, 2 ], [ 0, 1, 1, 0, 2 ], [ 1, 0, 0, 3, 0 ], [ 0, 1, 2, 0, 1 ] ], 
  [ [ 0, 0, 0, 0, 12 ], [ 0, 0, 2, 2, 8 ], [ 0, 1, 4, 2, 5 ], [ 0, 3, 6, 0, 3 ], [ 1, 4, 5, 1, 1 ] ] ]

