 degree:24
 order:42
[ 24, 2, 3, 12 ][ 12, 16, 16 ][ 0, 2 ][ 2 ][ 0, 0 ][ 0 ][ 0 ]

minimal polynomial:[ x-24, x-2, x, x+4, x+6 ]x^2-x-2
x^3-9*x
x^4-16*x^3+36*x^2+144*x

 SITAs:
[ [ [ 1, 0, 0, 0, 0 ], [ 0, 1, 0, 0, 0 ], [ 0, 0, 1, 0, 0 ], [ 0, 0, 0, 1, 0 ], [ 0, 0, 0, 0, 1 ] ], 
  [ [ 0, 24, 0, 0, 0 ], [ 1, 12, 1, 2, 8 ], [ 0, 12, 0, 0, 12 ], [ 0, 16, 0, 0, 8 ], [ 0, 16, 2, 2, 4 ] ], 
  [ [ 0, 0, 2, 0, 0 ], [ 0, 1, 0, 0, 1 ], [ 1, 0, 1, 0, 0 ], [ 0, 0, 0, 2, 0 ], [ 0, 2, 0, 0, 0 ] ], 
  [ [ 0, 0, 0, 3, 0 ], [ 0, 2, 0, 0, 1 ], [ 0, 0, 0, 3, 0 ], [ 1, 0, 2, 0, 0 ], [ 0, 2, 0, 0, 1 ] ], 
  [ [ 0, 0, 0, 0, 12 ], [ 0, 8, 1, 1, 2 ], [ 0, 12, 0, 0, 0 ], [ 0, 8, 0, 0, 4 ], [ 1, 4, 0, 1, 6 ] ] ]

