 degree:8
 order:81
[ 8, 24, 16, 32 ][ 2, 0, 0, 0, 3, 2 ]

minimal polynomial:[ x-8, x-5, x-2, x+1, x+4 ]
[ x-24, x-6, x+3 ]
[ x-16, x-4, x-1, x+2, x+8 ]
[ x-32, x-5, x+4 ]

 SITA:
[ [ [ 1, 0, 0, 0, 0 ], [ 0, 1, 0, 0, 0 ], [ 0, 0, 1, 0, 0 ], [ 0, 0, 0, 1, 0 ], [ 0, 0, 0, 0, 1 ] ],
  [ [ 0, 8, 0, 0, 0 ], [ 1, 1, 6, 0, 0 ], [ 0, 2, 2, 0, 4 ], [ 0, 0, 0, 4, 4 ], [ 0, 0, 3, 2, 3 ] ],
  [ [ 0, 0, 24, 0, 0 ], [ 0, 6, 6, 0, 12 ], [ 1, 2, 9, 4, 8 ], [ 0, 0, 6, 6, 12 ], [ 0, 3, 6, 6, 9 ]
     ], [ [ 0, 0, 0, 16, 0 ], [ 0, 0, 0, 8, 8 ], [ 0, 0, 4, 4, 8 ], [ 1, 4, 6, 1, 4 ],
      [ 0, 2, 6, 2, 6 ] ],
  [ [ 0, 0, 0, 0, 32 ], [ 0, 0, 12, 8, 12 ], [ 0, 4, 8, 8, 12 ], [ 0, 4, 12, 4, 12 ],
      [ 1, 3, 9, 6, 13 ] ] ]

