 degree:10
 order:41
[ 10, 10, 10, 10 ][ 2, 3, 4 ][ 2, 2 ][ 2 ][ 2, 3 ][ 2 ][ 2 ]

minimal polynomial:[ x-10, x^4+x^3-15*x^2+18*x-4 ]
 Galois type:1

 minimal polynomial of other basis elements:
 x^5-9*x^4-25*x^3+168*x^2-184*x+40
x^5-9*x^4-25*x^3+168*x^2-184*x+40
x^5-9*x^4-25*x^3+168*x^2-184*x+40

 SITAs:
[ [ [ 1, 0, 0, 0, 0 ], [ 0, 1, 0, 0, 0 ], [ 0, 0, 1, 0, 0 ], [ 0, 0, 0, 1, 0 ], [ 0, 0, 0, 0, 1 ] ], 
  [ [ 0, 10, 0, 0, 0 ], [ 1, 0, 2, 3, 4 ], [ 0, 2, 4, 2, 2 ], [ 0, 3, 2, 3, 2 ], [ 0, 4, 2, 2, 2 ] ], 
  [ [ 0, 0, 10, 0, 0 ], [ 0, 2, 4, 2, 2 ], [ 1, 4, 0, 2, 3 ], [ 0, 2, 2, 4, 2 ], [ 0, 2, 3, 2, 3 ] ], 
  [ [ 0, 0, 0, 10, 0 ], [ 0, 3, 2, 3, 2 ], [ 0, 2, 2, 4, 2 ], [ 1, 3, 4, 0, 2 ], [ 0, 2, 2, 2, 4 ] ], 
  [ [ 0, 0, 0, 0, 10 ], [ 0, 4, 2, 2, 2 ], [ 0, 2, 3, 2, 3 ], [ 0, 2, 2, 2, 4 ], [ 1, 2, 3, 4, 0 ] ] ]

