 degree:8
 order:24
[ 8, 3, 4, 8 ][ 8, 0, 4 ][ 0, 0 ][ 4 ][ 0, 0 ][ 0 ][ 0 ]

minimal polynomial:[ x-8, x-4, x, x+4, x+8 ]x^2-2*x-3
x^3-16*x
x^3-4*x^2-32*x

 SITAs:
[ [ [ 1, 0, 0, 0, 0 ], [ 0, 1, 0, 0, 0 ], [ 0, 0, 1, 0, 0 ], [ 0, 0, 0, 1, 0 ], [ 0, 0, 0, 0, 1 ] ], 
  [ [ 0, 8, 0, 0, 0 ], [ 1, 0, 3, 0, 4 ], [ 0, 8, 0, 0, 0 ], [ 0, 0, 0, 0, 8 ], [ 0, 4, 0, 4, 0 ] ], 
  [ [ 0, 0, 3, 0, 0 ], [ 0, 3, 0, 0, 0 ], [ 1, 0, 2, 0, 0 ], [ 0, 0, 0, 3, 0 ], [ 0, 0, 0, 0, 3 ] ], 
  [ [ 0, 0, 0, 4, 0 ], [ 0, 0, 0, 0, 4 ], [ 0, 0, 0, 4, 0 ], [ 1, 0, 3, 0, 0 ], [ 0, 4, 0, 0, 0 ] ], 
  [ [ 0, 0, 0, 0, 8 ], [ 0, 4, 0, 4, 0 ], [ 0, 0, 0, 0, 8 ], [ 0, 8, 0, 0, 0 ], [ 1, 0, 3, 0, 4 ] ] ]

