 degree:10
 order:63
[ 10, 30, 2, 20 ][ 2, 0, 0, 0, 6, 1 ]

minimal polynomial:[ x-10, x-5, x-1, x+2, x+4 ]
[ x-30, x-9, x, x+6 ]
[ x-2, x+1 ]
[ x-20, x-2, x+5, x+8 ]

 SITA:
[ [ [ 1, 0, 0, 0, 0 ], [ 0, 1, 0, 0, 0 ], [ 0, 0, 1, 0, 0 ], [ 0, 0, 0, 1, 0 ], [ 0, 0, 0, 0, 1 ] ],
  [ [ 0, 10, 0, 0, 0 ], [ 1, 3, 6, 0, 0 ], [ 0, 2, 4, 0, 4 ], [ 0, 0, 0, 0, 10 ], [ 0, 0, 6, 1, 3 ] ]
    , [ [ 0, 0, 30, 0, 0 ], [ 0, 6, 12, 0, 12 ], [ 1, 4, 15, 2, 8 ], [ 0, 0, 30, 0, 0 ],
      [ 0, 6, 12, 0, 12 ] ],
  [ [ 0, 0, 0, 2, 0 ], [ 0, 0, 0, 0, 2 ], [ 0, 0, 2, 0, 0 ], [ 1, 0, 0, 1, 0 ], [ 0, 1, 0, 0, 1 ] ],
  [ [ 0, 0, 0, 0, 20 ], [ 0, 0, 12, 2, 6 ], [ 0, 4, 8, 0, 8 ], [ 0, 10, 0, 0, 10 ],
      [ 1, 3, 12, 1, 3 ] ] ]