 degree:6
 order:35
[ 6, 12, 4, 12 ][ 2, 0, 0, 3, 1, 1 ]

minimal polynomial:[ x-6, x-4, x-1, x+1, x+3 ]
[ x-12, x-3, x+2, x+3 ]
[ x-4, x+1 ]
[ x-12, x-2, x, x+2, x+7 ]

 SITA:
[ [ [ 1, 0, 0, 0, 0 ], [ 0, 1, 0, 0, 0 ], [ 0, 0, 1, 0, 0 ], [ 0, 0, 0, 1, 0 ], [ 0, 0, 0, 0, 1 ] ],
  [ [ 0, 6, 0, 0, 0 ], [ 1, 1, 4, 0, 0 ], [ 0, 2, 2, 1, 1 ], [ 0, 0, 3, 0, 3 ], [ 0, 0, 1, 1, 4 ] ],
  [ [ 0, 0, 12, 0, 0 ], [ 0, 4, 4, 2, 2 ], [ 1, 2, 4, 1, 4 ], [ 0, 3, 3, 0, 6 ], [ 0, 1, 4, 2, 5 ] ],
  [ [ 0, 0, 0, 4, 0 ], [ 0, 0, 2, 0, 2 ], [ 0, 1, 1, 0, 2 ], [ 1, 0, 0, 3, 0 ], [ 0, 1, 2, 0, 1 ] ],
  [ [ 0, 0, 0, 0, 12 ], [ 0, 0, 2, 2, 8 ], [ 0, 1, 4, 2, 5 ], [ 0, 3, 6, 0, 3 ], [ 1, 4, 5, 1, 1 ] ] ]

