 degree:8
 order:120
[ 8, 12, 27, 72 ][ 2, 0, 0, 0, 1, 3 ]

minimal polynomial:[ x-8, x-6, x, x+2, x+4 ]
[ x-12, x-2, x+4 ]
[ x-27, x-3, x+3 ]

 SITA:
[ [ [ 1, 0, 0, 0, 0 ], [ 0, 1, 0, 0, 0 ], [ 0, 0, 1, 0, 0 ], [ 0, 0, 0, 1, 0 ], [ 0, 0, 0, 0, 1 ] ],
  [ [ 0, 8, 0, 0, 0 ], [ 1, 4, 3, 0, 0 ], [ 0, 2, 0, 0, 6 ], [ 0, 0, 0, 0, 8 ], [ 0, 0, 1, 3, 4 ] ],
  [ [ 0, 0, 12, 0, 0 ], [ 0, 3, 0, 0, 9 ], [ 1, 0, 2, 9, 0 ], [ 0, 0, 4, 8, 0 ], [ 0, 1, 0, 0, 11 ] ]
    , [ [ 0, 0, 0, 27, 0 ], [ 0, 0, 0, 0, 27 ], [ 0, 0, 9, 18, 0 ], [ 1, 0, 8, 18, 0 ],
      [ 0, 3, 0, 0, 24 ] ],
  [ [ 0, 0, 0, 0, 72 ], [ 0, 0, 9, 27, 36 ], [ 0, 6, 0, 0, 66 ], [ 0, 8, 0, 0, 64 ],
      [ 1, 4, 11, 24, 32 ] ] ]
