 degree:18
 order:40
[ 18, 1, 2, 18 ][ 18, 0, 16 ][ 0, 0 ][ 2 ][ 0, 0 ][ 0 ][ 0 ]

minimal polynomial:[ x-18, x-2, x, x+2, x+18 ]x^2-1
x^3-4*x
x^3-16*x^2-36*x

 SITAs:
[ [ [ 1, 0, 0, 0, 0 ], [ 0, 1, 0, 0, 0 ], [ 0, 0, 1, 0, 0 ], [ 0, 0, 0, 1, 0 ], [ 0, 0, 0, 0, 1 ] ], 
  [ [ 0, 18, 0, 0, 0 ], [ 1, 0, 1, 0, 16 ], [ 0, 18, 0, 0, 0 ], [ 0, 0, 0, 0, 18 ], [ 0, 16, 0, 2, 0 ] ], 
  [ [ 0, 0, 1, 0, 0 ], [ 0, 1, 0, 0, 0 ], [ 1, 0, 0, 0, 0 ], [ 0, 0, 0, 1, 0 ], [ 0, 0, 0, 0, 1 ] ], 
  [ [ 0, 0, 0, 2, 0 ], [ 0, 0, 0, 0, 2 ], [ 0, 0, 0, 2, 0 ], [ 1, 0, 1, 0, 0 ], [ 0, 2, 0, 0, 0 ] ], 
  [ [ 0, 0, 0, 0, 18 ], [ 0, 16, 0, 2, 0 ], [ 0, 0, 0, 0, 18 ], [ 0, 18, 0, 0, 0 ], [ 1, 0, 1, 0, 16 ] ] ]

