 degree:10
 order:42
[ 10, 10, 1, 20 ][ 3, 0, 3 ][ 10, 3 ][ 0 ][ 0, 3 ][ 0 ][ 0 ]

minimal polynomial:[ x-10, x-2, x-1, x+4, x+5 ]x^5-10*x^4-23*x^3+212*x^2+220*x-400
x^2-1
x^4-22*x^3+16*x^2+480*x

 SITAs:
[ [ [ 1, 0, 0, 0, 0 ], [ 0, 1, 0, 0, 0 ], [ 0, 0, 1, 0, 0 ], [ 0, 0, 0, 1, 0 ], [ 0, 0, 0, 0, 1 ] ], 
  [ [ 0, 10, 0, 0, 0 ], [ 1, 0, 3, 0, 6 ], [ 0, 3, 0, 1, 6 ], [ 0, 0, 10, 0, 0 ], [ 0, 3, 3, 0, 4 ] ], 
  [ [ 0, 0, 10, 0, 0 ], [ 0, 3, 0, 1, 6 ], [ 1, 0, 3, 0, 6 ], [ 0, 10, 0, 0, 0 ], [ 0, 3, 3, 0, 4 ] ], 
  [ [ 0, 0, 0, 1, 0 ], [ 0, 0, 1, 0, 0 ], [ 0, 1, 0, 0, 0 ], [ 1, 0, 0, 0, 0 ], [ 0, 0, 0, 0, 1 ] ], 
  [ [ 0, 0, 0, 0, 20 ], [ 0, 6, 6, 0, 8 ], [ 0, 6, 6, 0, 8 ], [ 0, 0, 0, 0, 20 ], [ 1, 4, 4, 1, 10 ] ] ]

