 degree:5
 order:126
[ 5, 20, 40, 60 ][ 1, 0, 0, 2, 0, 2 ]

minimal polynomial:
[ x-5, x-3, x-1, x+2, x+4 ]
[ x-20, x-11, x-4, x+1, x+4 ]
[ x-40, x-5, x, x+4, x+14 ]
[ x-60, x-6, x+3, x+8 ]

 SITA:
[ [ 1, 0, 0, 0, 0 ], [ 0, 1, 0, 0, 0 ], [ 0, 0, 1, 0, 0 ], [ 0, 0, 0, 1, 0 ], [ 0, 0, 0, 0, 1 ] ],
  [ [ 0, 5, 0, 0, 0 ], [ 1, 0, 4, 0, 0 ], [ 0, 1, 0, 4, 0 ], [ 0, 0, 2, 0, 3 ], [ 0, 0, 0, 2, 3 ] ],
  [ [ 0, 0, 20, 0, 0 ], [ 0, 4, 0, 16, 0 ], [ 1, 0, 7, 0, 12 ], [ 0, 2, 0, 9, 9 ], [ 0, 0, 4, 6, 10 ] ],
  [ [ 0, 0, 0, 40, 0 ], [ 0, 0, 16, 0, 24 ], [ 0, 4, 0, 18, 18 ], [ 1, 0, 9, 9, 21 ], [ 0, 2, 6, 14, 18 ] ],
  [ [ 0, 0, 0, 0, 60 ], [ 0, 0, 0, 24, 36 ], [ 0, 0, 12, 18, 30 ], [ 0, 3, 9, 21, 27 ], [ 1, 3, 10, 18, 28 ] ] ]

