 degree:9
 order:24
[ 9, 2, 3, 9 ][ 9, 0, 6 ][ 0, 0 ][ 3 ][ 0, 0 ][ 0 ][ 0 ]

minimal polynomial:[ x-9, x-3, x, x+3, x+9 ]x^2-x-2
x^3-9*x
x^3-6*x^2-27*x

 SITAs:
[ [ [ 1, 0, 0, 0, 0 ], [ 0, 1, 0, 0, 0 ], [ 0, 0, 1, 0, 0 ], [ 0, 0, 0, 1, 0 ], [ 0, 0, 0, 0, 1 ] ], 
  [ [ 0, 9, 0, 0, 0 ], [ 1, 0, 2, 0, 6 ], [ 0, 9, 0, 0, 0 ], [ 0, 0, 0, 0, 9 ], [ 0, 6, 0, 3, 0 ] ], 
  [ [ 0, 0, 2, 0, 0 ], [ 0, 2, 0, 0, 0 ], [ 1, 0, 1, 0, 0 ], [ 0, 0, 0, 2, 0 ], [ 0, 0, 0, 0, 2 ] ], 
  [ [ 0, 0, 0, 3, 0 ], [ 0, 0, 0, 0, 3 ], [ 0, 0, 0, 3, 0 ], [ 1, 0, 2, 0, 0 ], [ 0, 3, 0, 0, 0 ] ], 
  [ [ 0, 0, 0, 0, 9 ], [ 0, 6, 0, 3, 0 ], [ 0, 0, 0, 0, 9 ], [ 0, 9, 0, 0, 0 ], [ 1, 0, 2, 0, 6 ] ] ]

