 degree:18
 order:44
[ 18, 1, 15, 9 ][ 18, 6, 8 ][ 0, 0 ][ 10 ][ 0, 0 ][ 0 ][ 5 ]

minimal polynomial:[ x-18, x-5, x, x+4, x+6 ]x^2-1
x^4-14*x^3-35*x^2+300*x
x^3-7*x^2-18*x

 SITAs:
[ [ [ 1, 0, 0, 0, 0 ], [ 0, 1, 0, 0, 0 ], [ 0, 0, 1, 0, 0 ], [ 0, 0, 0, 1, 0 ], [ 0, 0, 0, 0, 1 ] ], 
  [ [ 0, 18, 0, 0, 0 ], [ 1, 7, 1, 5, 4 ], [ 0, 18, 0, 0, 0 ], [ 0, 6, 0, 6, 6 ], [ 0, 8, 0, 10, 0 ] ], 
  [ [ 0, 0, 1, 0, 0 ], [ 0, 1, 0, 0, 0 ], [ 1, 0, 0, 0, 0 ], [ 0, 0, 0, 1, 0 ], [ 0, 0, 0, 0, 1 ] ], 
  [ [ 0, 0, 0, 15, 0 ], [ 0, 5, 0, 5, 5 ], [ 0, 0, 0, 15, 0 ], [ 1, 6, 1, 4, 3 ], [ 0, 10, 0, 5, 0 ] ], 
  [ [ 0, 0, 0, 0, 9 ], [ 0, 4, 0, 5, 0 ], [ 0, 0, 0, 0, 9 ], [ 0, 6, 0, 3, 0 ], [ 1, 0, 1, 0, 7 ] ] ]

