 degree:16
 order:30
[ 16, 1, 4, 8 ][ 16, 8, 12 ][ 0, 0 ][ 4 ][ 0, 0 ][ 0 ][ 0 ]

minimal polynomial:[ x-16, x-2, x, x+4, x+8 ]x^2-1
x^3-2*x^2-8*x
x^3-6*x^2-16*x

 SITAs:
[ [ [ 1, 0, 0, 0, 0 ], [ 0, 1, 0, 0, 0 ], [ 0, 0, 1, 0, 0 ], [ 0, 0, 0, 1, 0 ], [ 0, 0, 0, 0, 1 ] ], 
  [ [ 0, 16, 0, 0, 0 ], [ 1, 6, 1, 2, 6 ], [ 0, 16, 0, 0, 0 ], [ 0, 8, 0, 0, 8 ], [ 0, 12, 0, 4, 0 ] ], 
  [ [ 0, 0, 1, 0, 0 ], [ 0, 1, 0, 0, 0 ], [ 1, 0, 0, 0, 0 ], [ 0, 0, 0, 1, 0 ], [ 0, 0, 0, 0, 1 ] ], 
  [ [ 0, 0, 0, 4, 0 ], [ 0, 2, 0, 0, 2 ], [ 0, 0, 0, 4, 0 ], [ 1, 0, 1, 2, 0 ], [ 0, 4, 0, 0, 0 ] ], 
  [ [ 0, 0, 0, 0, 8 ], [ 0, 6, 0, 2, 0 ], [ 0, 0, 0, 0, 8 ], [ 0, 8, 0, 0, 0 ], [ 1, 0, 1, 0, 6 ] ] ]

