 degree:15
 order:48
[ 15, 2, 15, 15 ][ 15, 2, 6 ][ 0, 0 ][ 7 ][ 0, 0 ][ 0 ][ 2 ]

minimal polynomial:[ x-15, x, x^3+3*x^2-45*x-111 ]
 Galois type:1

 minimal polynomial of other basis elements:
 x^2-x-2
x^5-12*x^4-90*x^3+564*x^2+1665*x
x^5-12*x^4-90*x^3+564*x^2+1665*x

 SITAs:
[ [ [ 1, 0, 0, 0, 0 ], [ 0, 1, 0, 0, 0 ], [ 0, 0, 1, 0, 0 ], [ 0, 0, 0, 1, 0 ], [ 0, 0, 0, 0, 1 ] ], 
  [ [ 0, 15, 0, 0, 0 ], [ 1, 4, 2, 2, 6 ], [ 0, 15, 0, 0, 0 ], [ 0, 2, 0, 6, 7 ], [ 0, 6, 0, 7, 2 ] ], 
  [ [ 0, 0, 2, 0, 0 ], [ 0, 2, 0, 0, 0 ], [ 1, 0, 1, 0, 0 ], [ 0, 0, 0, 2, 0 ], [ 0, 0, 0, 0, 2 ] ], 
  [ [ 0, 0, 0, 15, 0 ], [ 0, 2, 0, 6, 7 ], [ 0, 0, 0, 15, 0 ], [ 1, 6, 2, 4, 2 ], [ 0, 7, 0, 2, 6 ] ], 
  [ [ 0, 0, 0, 0, 15 ], [ 0, 6, 0, 7, 2 ], [ 0, 0, 0, 0, 15 ], [ 0, 7, 0, 2, 6 ], [ 1, 2, 2, 6, 4 ] ] ]

