 degree:15
 order:40
[ 15, 3, 15, 6 ][ 10, 4, 5 ][ 1, 0 ][ 10 ][ 0, 1 ][ 0 ][ 5 ]

minimal polynomial:[ x-15, x-5, x, x+3, x+5 ]x^3-2*x^2-5*x+6
x^4-13*x^3-45*x^2+225*x
x^3-5*x^2-8*x+12

 SITAs:
[ [ [ 1, 0, 0, 0, 0 ], [ 0, 1, 0, 0, 0 ], [ 0, 0, 1, 0, 0 ], [ 0, 0, 0, 1, 0 ], [ 0, 0, 0, 0, 1 ] ], 
  [ [ 0, 15, 0, 0, 0 ], [ 1, 6, 2, 4, 2 ], [ 0, 10, 0, 5, 0 ], [ 0, 4, 1, 6, 4 ], [ 0, 5, 0, 10, 0 ] ], 
  [ [ 0, 0, 3, 0, 0 ], [ 0, 2, 0, 1, 0 ], [ 1, 0, 0, 0, 2 ], [ 0, 1, 0, 2, 0 ], [ 0, 0, 1, 0, 2 ] ], 
  [ [ 0, 0, 0, 15, 0 ], [ 0, 4, 1, 6, 4 ], [ 0, 5, 0, 10, 0 ], [ 1, 6, 2, 4, 2 ], [ 0, 10, 0, 5, 0 ] ], 
  [ [ 0, 0, 0, 0, 6 ], [ 0, 2, 0, 4, 0 ], [ 0, 0, 2, 0, 4 ], [ 0, 4, 0, 2, 0 ], [ 1, 0, 2, 0, 3 ] ] ]

