 degree:6
 order:40
[ 6, 12, 3, 18 ][ 1, 0, 1 ][ 0, 2 ][ 1 ][ 12, 4 ][ 0 ][ 0 ]

minimal polynomial:[ x-6, x-2, x-1, x+2, x+3 ]x^4-8*x^3-80*x^2+384*x
x^2-2*x-3
x^4-13*x^3-102*x^2+180*x+648

 SITAs:
[ [ [ 1, 0, 0, 0, 0 ], [ 0, 1, 0, 0, 0 ], [ 0, 0, 1, 0, 0 ], [ 0, 0, 0, 1, 0 ], [ 0, 0, 0, 0, 1 ] ], 
  [ [ 0, 6, 0, 0, 0 ], [ 1, 0, 2, 0, 3 ], [ 0, 1, 2, 0, 3 ], [ 0, 0, 0, 0, 6 ], [ 0, 1, 2, 1, 2 ] ], 
  [ [ 0, 0, 12, 0, 0 ], [ 0, 2, 4, 0, 6 ], [ 1, 2, 0, 3, 6 ], [ 0, 0, 12, 0, 0 ], [ 0, 2, 4, 0, 6 ] ], 
  [ [ 0, 0, 0, 3, 0 ], [ 0, 0, 0, 0, 3 ], [ 0, 0, 3, 0, 0 ], [ 1, 0, 0, 2, 0 ], [ 0, 1, 0, 0, 2 ] ], 
  [ [ 0, 0, 0, 0, 18 ], [ 0, 3, 6, 3, 6 ], [ 0, 3, 6, 0, 9 ], [ 0, 6, 0, 0, 12 ], [ 1, 2, 6, 2, 7 ] ] ]

