 degree:18
 order:48
[ 18, 10, 1, 18 ][ 9, 0, 3 ][ 0, 5 ][ 1 ][ 10, 0 ][ 0 ][ 0 ]

minimal polynomial:[ x-18, x, x+6, x^2-6*x-18 ]
 Galois type:1

 minimal polynomial of other basis elements:
 x^3-8*x^2-20*x
x^2-1
x^5-6*x^4-198*x^3-432*x^2+1944*x

 SITAs:
[ [ [ 1, 0, 0, 0, 0 ], [ 0, 1, 0, 0, 0 ], [ 0, 0, 1, 0, 0 ], [ 0, 0, 0, 1, 0 ], [ 0, 0, 0, 0, 1 ] ], 
  [ [ 0, 18, 0, 0, 0 ], [ 1, 9, 5, 0, 3 ], [ 0, 9, 0, 0, 9 ], [ 0, 0, 0, 0, 18 ], [ 0, 3, 5, 1, 9 ] ], 
  [ [ 0, 0, 10, 0, 0 ], [ 0, 5, 0, 0, 5 ], [ 1, 0, 8, 1, 0 ], [ 0, 0, 10, 0, 0 ], [ 0, 5, 0, 0, 5 ] ], 
  [ [ 0, 0, 0, 1, 0 ], [ 0, 0, 0, 0, 1 ], [ 0, 0, 1, 0, 0 ], [ 1, 0, 0, 0, 0 ], [ 0, 1, 0, 0, 0 ] ], 
  [ [ 0, 0, 0, 0, 18 ], [ 0, 3, 5, 1, 9 ], [ 0, 9, 0, 0, 9 ], [ 0, 18, 0, 0, 0 ], [ 1, 9, 5, 0, 3 ] ] ]

