 degree:14
 order:32
[ 14, 1, 2, 14 ][ 14, 0, 12 ][ 0, 0 ][ 2 ][ 0, 0 ][ 0 ][ 0 ]

minimal polynomial:[ x-14, x-2, x, x+2, x+14 ]x^2-1
x^3-4*x
x^3-12*x^2-28*x

 SITAs:
[ [ [ 1, 0, 0, 0, 0 ], [ 0, 1, 0, 0, 0 ], [ 0, 0, 1, 0, 0 ], [ 0, 0, 0, 1, 0 ], [ 0, 0, 0, 0, 1 ] ], 
  [ [ 0, 14, 0, 0, 0 ], [ 1, 0, 1, 0, 12 ], [ 0, 14, 0, 0, 0 ], [ 0, 0, 0, 0, 14 ], [ 0, 12, 0, 2, 0 ] ], 
  [ [ 0, 0, 1, 0, 0 ], [ 0, 1, 0, 0, 0 ], [ 1, 0, 0, 0, 0 ], [ 0, 0, 0, 1, 0 ], [ 0, 0, 0, 0, 1 ] ], 
  [ [ 0, 0, 0, 2, 0 ], [ 0, 0, 0, 0, 2 ], [ 0, 0, 0, 2, 0 ], [ 1, 0, 1, 0, 0 ], [ 0, 2, 0, 0, 0 ] ], 
  [ [ 0, 0, 0, 0, 14 ], [ 0, 12, 0, 2, 0 ], [ 0, 0, 0, 0, 14 ], [ 0, 14, 0, 0, 0 ], [ 1, 0, 1, 0, 12 ] ] ]

