 degree:10
 order:36
[ 10, 5, 10, 10 ][ 2, 2, 4 ][ 2, 2 ][ 2 ][ 0, 0 ][ 2 ][ 2 ]

minimal polynomial:[ x-10, x+2, x^3-12*x+8 ]
 Galois type:1

 minimal polynomial of other basis elements:
 x^2-4*x-5
x^5-8*x^4-32*x^3+104*x^2+176*x-160
x^5-8*x^4-32*x^3+104*x^2+176*x-160

 SITAs:
[ [ [ 1, 0, 0, 0, 0 ], [ 0, 1, 0, 0, 0 ], [ 0, 0, 1, 0, 0 ], [ 0, 0, 0, 1, 0 ], [ 0, 0, 0, 0, 1 ] ], 
  [ [ 0, 10, 0, 0, 0 ], [ 1, 2, 1, 2, 4 ], [ 0, 2, 0, 4, 4 ], [ 0, 2, 2, 4, 2 ], [ 0, 4, 2, 2, 2 ] ], 
  [ [ 0, 0, 5, 0, 0 ], [ 0, 1, 0, 2, 2 ], [ 1, 0, 4, 0, 0 ], [ 0, 2, 0, 1, 2 ], [ 0, 2, 0, 2, 1 ] ], 
  [ [ 0, 0, 0, 10, 0 ], [ 0, 2, 2, 4, 2 ], [ 0, 4, 0, 2, 4 ], [ 1, 4, 1, 2, 2 ], [ 0, 2, 2, 2, 4 ] ], 
  [ [ 0, 0, 0, 0, 10 ], [ 0, 4, 2, 2, 2 ], [ 0, 4, 0, 4, 2 ], [ 0, 2, 2, 2, 4 ], [ 1, 2, 1, 4, 2 ] ] ]

