 degree:10
 order:35
[ 10, 4, 10, 10 ][ 10, 5, 0, 0, 0, 5 ]

minimal polynomial:[ x-10, x, x^3+5*x^2-50*x-125 ]1
[ x-4, x+1 ]
[ x-10, x, x^3+5*x^2-50*x-125 ]
[ x-10, x, x^3+5*x^2-50*x-125 ]
 SITA:
[ [ [ 1, 0, 0, 0, 0 ], [ 0, 1, 0, 0, 0 ], [ 0, 0, 1, 0, 0 ], [ 0, 0, 0, 1, 0 ], [ 0, 0, 0, 0, 1 ] ],
  [ [ 0, 10, 0, 0, 0 ], [ 1, 0, 4, 5, 0 ], [ 0, 10, 0, 0, 0 ], [ 0, 5, 0, 0, 5 ], [ 0, 0, 0, 5, 5 ] ]
    , [ [ 0, 0, 4, 0, 0 ], [ 0, 4, 0, 0, 0 ], [ 1, 0, 3, 0, 0 ], [ 0, 0, 0, 4, 0 ],
      [ 0, 0, 0, 0, 4 ] ],
  [ [ 0, 0, 0, 10, 0 ], [ 0, 5, 0, 0, 5 ], [ 0, 0, 0, 10, 0 ], [ 1, 0, 4, 0, 5 ], [ 0, 5, 0, 5, 0 ] ]
    , [ [ 0, 0, 0, 0, 10 ], [ 0, 0, 0, 5, 5 ], [ 0, 0, 0, 0, 10 ], [ 0, 5, 0, 5, 0 ],
      [ 1, 5, 4, 0, 0 ] ] ]
