 degree:7
 order:36
[ 7, 7, 7, 14 ][ 2, 0, 1 ][ 1, 2 ][ 2 ][ 2, 1 ][ 2 ][ 1 ]

minimal polynomial:[ x-7, x+2, x^3-x^2-9*x+1 ]
 Galois type:1

 minimal polynomial of other basis elements:
 x^5-6*x^4-18*x^3+60*x^2+121*x-14
x^5-6*x^4-18*x^3+60*x^2+121*x-14
x^3-17*x^2+32*x+140

 SITAs:
[ [ [ 1, 0, 0, 0, 0 ], [ 0, 1, 0, 0, 0 ], [ 0, 0, 1, 0, 0 ], [ 0, 0, 0, 1, 0 ], [ 0, 0, 0, 0, 1 ] ], 
  [ [ 0, 7, 0, 0, 0 ], [ 1, 2, 2, 0, 2 ], [ 0, 2, 0, 1, 4 ], [ 0, 0, 1, 2, 4 ], [ 0, 1, 2, 2, 2 ] ], 
  [ [ 0, 0, 7, 0, 0 ], [ 0, 2, 0, 1, 4 ], [ 1, 0, 2, 2, 2 ], [ 0, 1, 2, 0, 4 ], [ 0, 2, 1, 2, 2 ] ], 
  [ [ 0, 0, 0, 7, 0 ], [ 0, 0, 1, 2, 4 ], [ 0, 1, 2, 0, 4 ], [ 1, 2, 0, 2, 2 ], [ 0, 2, 2, 1, 2 ] ], 
  [ [ 0, 0, 0, 0, 14 ], [ 0, 2, 4, 4, 4 ], [ 0, 4, 2, 4, 4 ], [ 0, 4, 4, 2, 4 ], [ 1, 2, 2, 2, 7 ] ] ]

