 degree:20
 order:50
[ 20, 4, 5, 20 ][ 20, 0, 15 ][ 0, 0 ][ 5 ][ 0, 0 ][ 0 ][ 0 ]

minimal polynomial:[ x-20, x-5, x, x+5, x+20 ]x^2-3*x-4
x^3-25*x
x^3-15*x^2-100*x

 SITAs:
[ [ [ 1, 0, 0, 0, 0 ], [ 0, 1, 0, 0, 0 ], [ 0, 0, 1, 0, 0 ], [ 0, 0, 0, 1, 0 ], [ 0, 0, 0, 0, 1 ] ], 
  [ [ 0, 20, 0, 0, 0 ], [ 1, 0, 4, 0, 15 ], [ 0, 20, 0, 0, 0 ], [ 0, 0, 0, 0, 20 ], [ 0, 15, 0, 5, 0 ] ], 
  [ [ 0, 0, 4, 0, 0 ], [ 0, 4, 0, 0, 0 ], [ 1, 0, 3, 0, 0 ], [ 0, 0, 0, 4, 0 ], [ 0, 0, 0, 0, 4 ] ], 
  [ [ 0, 0, 0, 5, 0 ], [ 0, 0, 0, 0, 5 ], [ 0, 0, 0, 5, 0 ], [ 1, 0, 4, 0, 0 ], [ 0, 5, 0, 0, 0 ] ], 
  [ [ 0, 0, 0, 0, 20 ], [ 0, 15, 0, 5, 0 ], [ 0, 0, 0, 0, 20 ], [ 0, 20, 0, 0, 0 ], [ 1, 0, 4, 0, 15 ] ] ]

