 degree:15
 order:42
[ 15, 1, 5, 20 ][ 15, 3, 6 ][ 0, 0 ][ 3 ][ 0, 0 ][ 0 ][ 0 ]

minimal polynomial:[ x-15, x-4, x, x+3, x+6 ]x^2-1
x^3-3*x^2-10*x
x^4-22*x^3+16*x^2+480*x

 SITAs:
[ [ [ 1, 0, 0, 0, 0 ], [ 0, 1, 0, 0, 0 ], [ 0, 0, 1, 0, 0 ], [ 0, 0, 0, 1, 0 ], [ 0, 0, 0, 0, 1 ] ], 
  [ [ 0, 15, 0, 0, 0 ], [ 1, 4, 1, 1, 8 ], [ 0, 15, 0, 0, 0 ], [ 0, 3, 0, 0, 12 ], [ 0, 6, 0, 3, 6 ] ], 
  [ [ 0, 0, 1, 0, 0 ], [ 0, 1, 0, 0, 0 ], [ 1, 0, 0, 0, 0 ], [ 0, 0, 0, 1, 0 ], [ 0, 0, 0, 0, 1 ] ], 
  [ [ 0, 0, 0, 5, 0 ], [ 0, 1, 0, 0, 4 ], [ 0, 0, 0, 5, 0 ], [ 1, 0, 1, 3, 0 ], [ 0, 3, 0, 0, 2 ] ], 
  [ [ 0, 0, 0, 0, 20 ], [ 0, 8, 0, 4, 8 ], [ 0, 0, 0, 0, 20 ], [ 0, 12, 0, 0, 8 ], [ 1, 6, 1, 2, 10 ] ] ]

