 degree:18
 order:45
[ 18, 2, 9, 15 ][ 9, 4, 12 ][ 2, 0 ][ 6 ][ 0, 0 ][ 0 ][ 3 ]

minimal polynomial:[ x-18, x-3, x, x+3, x+12 ]x^2-x-2
x^5-3*x^4-63*x^3+27*x^2+486*x
x^3-12*x^2-45*x

 SITAs:
[ [ [ 1, 0, 0, 0, 0 ], [ 0, 1, 0, 0, 0 ], [ 0, 0, 1, 0, 0 ], [ 0, 0, 0, 1, 0 ], [ 0, 0, 0, 0, 1 ] ], 
  [ [ 0, 18, 0, 0, 0 ], [ 1, 4, 1, 2, 10 ], [ 0, 9, 0, 9, 0 ], [ 0, 4, 2, 2, 10 ], [ 0, 12, 0, 6, 0 ] ], 
  [ [ 0, 0, 2, 0, 0 ], [ 0, 1, 0, 1, 0 ], [ 1, 0, 1, 0, 0 ], [ 0, 2, 0, 0, 0 ], [ 0, 0, 0, 0, 2 ] ], 
  [ [ 0, 0, 0, 9, 0 ], [ 0, 2, 1, 1, 5 ], [ 0, 9, 0, 0, 0 ], [ 1, 2, 0, 1, 5 ], [ 0, 6, 0, 3, 0 ] ], 
  [ [ 0, 0, 0, 0, 15 ], [ 0, 10, 0, 5, 0 ], [ 0, 0, 0, 0, 15 ], [ 0, 10, 0, 5, 0 ], [ 1, 0, 2, 0, 12 ] ] ]

