 degree:10
 order:176
[ 10, 90, 30, 45 ][ 1, 0, 0, 3, 6, 2 ]
minimal polynomial:[ x-10, x-4, x-2, x+1, x+4 ]
[ x-90, x-6, x+6, x+9 ]
[ x-30, x-6, x, x+3, x+8 ]
[ x-45, x-12, x+3 ]

 SITA:
[ [ [ 1, 0, 0, 0, 0 ], [ 0, 1, 0, 0, 0 ], [ 0, 0, 1, 0, 0 ], [ 0, 0, 0, 1, 0 ], [ 0, 0, 0, 0, 1 ] ],
  [ [ 0, 10, 0, 0, 0 ], [ 1, 0, 9, 0, 0 ], [ 0, 1, 5, 1, 3 ], [ 0, 0, 3, 4, 3 ], [ 0, 0, 6, 2, 2 ] ],
  [ [ 0, 0, 90, 0, 0 ], [ 0, 9, 45, 9, 27 ], [ 1, 5, 45, 15, 24 ], [ 0, 3, 45, 15, 27 ],
      [ 0, 6, 48, 18, 18 ] ],
  [ [ 0, 0, 0, 30, 0 ], [ 0, 0, 9, 12, 9 ], [ 0, 1, 15, 5, 9 ], [ 1, 4, 15, 4, 6 ],
      [ 0, 2, 18, 4, 6 ] ],
  [ [ 0, 0, 0, 0, 45 ], [ 0, 0, 27, 9, 9 ], [ 0, 3, 24, 9, 9 ], [ 0, 3, 27, 6, 9 ],
      [ 1, 2, 18, 6, 18 ] ] ]