 degree:16
 order:36
[ 16, 1, 2, 16 ][ 16, 0, 5 ][ 0, 0 ][ 2 ][ 0, 0 ][ 0 ][ 0 ]

minimal polynomial:[ x-16, x-8, x, x+2, x+4 ]x^2-1
x^3-4*x
x^5-10*x^4-120*x^3+320*x^2+1024*x

 SITAs:
[ [ [ 1, 0, 0, 0, 0 ], [ 0, 1, 0, 0, 0 ], [ 0, 0, 1, 0, 0 ], [ 0, 0, 0, 1, 0 ], [ 0, 0, 0, 0, 1 ] ], 
  [ [ 0, 16, 0, 0, 0 ], [ 1, 9, 1, 0, 5 ], [ 0, 16, 0, 0, 0 ], [ 0, 0, 0, 0, 16 ], [ 0, 5, 0, 2, 9 ] ], 
  [ [ 0, 0, 1, 0, 0 ], [ 0, 1, 0, 0, 0 ], [ 1, 0, 0, 0, 0 ], [ 0, 0, 0, 1, 0 ], [ 0, 0, 0, 0, 1 ] ], 
  [ [ 0, 0, 0, 2, 0 ], [ 0, 0, 0, 0, 2 ], [ 0, 0, 0, 2, 0 ], [ 1, 0, 1, 0, 0 ], [ 0, 2, 0, 0, 0 ] ], 
  [ [ 0, 0, 0, 0, 16 ], [ 0, 5, 0, 2, 9 ], [ 0, 0, 0, 0, 16 ], [ 0, 16, 0, 0, 0 ], [ 1, 9, 1, 0, 5 ] ] ]

