 degree:10
 order:84
[ 10, 3, 30, 40 ][ 10, 2, 0, 0, 0, 6 ]

minimal polynomial:[ x-10, x-6, x, x+4, x+8 ]
[ x-3, x+1 ]
[ x-30, x-12, x, x+2, x+12 ]
[ x-40, x-12, x, x+8 ]
 SITA:
[ [ [ 1, 0, 0, 0, 0 ], [ 0, 1, 0, 0, 0 ], [ 0, 0, 1, 0, 0 ], [ 0, 0, 0, 1, 0 ], [ 0, 0, 0, 0, 1 ] ],
  [ [ 0, 10, 0, 0, 0 ], [ 1, 0, 3, 6, 0 ], [ 0, 10, 0, 0, 0 ], [ 0, 2, 0, 0, 8 ], [ 0, 0, 0, 6, 4 ] ]
    , [ [ 0, 0, 3, 0, 0 ], [ 0, 3, 0, 0, 0 ], [ 1, 0, 2, 0, 0 ], [ 0, 0, 0, 3, 0 ],
      [ 0, 0, 0, 0, 3 ] ],
  [ [ 0, 0, 0, 30, 0 ], [ 0, 6, 0, 0, 24 ], [ 0, 0, 0, 30, 0 ], [ 1, 0, 3, 10, 16 ],
      [ 0, 6, 0, 12, 12 ] ],
  [ [ 0, 0, 0, 0, 40 ], [ 0, 0, 0, 24, 16 ], [ 0, 0, 0, 0, 40 ], [ 0, 8, 0, 16, 16 ],
      [ 1, 4, 3, 12, 20 ] ] ]