 degree:8
 order:20
[ 8, 1, 2, 8 ][ 8, 0, 6, 0, 0, 2 ]

minimal polynomial:[ x-8, x-2, x, x+2, x+8 ]x^2-1
x^3-4*x
x^3-6*x^2-16*x

 SITA:
[ [ [ 1, 0, 0, 0, 0 ], [ 0, 1, 0, 0, 0 ], [ 0, 0, 1, 0, 0 ], [ 0, 0, 0, 1, 0 ], [ 0, 0, 0, 0, 1 ] ], [ [ 0, 8, 0, 0, 0 ], [ 1, 0, 1, 0, 6 ], [ 0, 8, 0, 0, 0 ], [ 0, 0, 0, 0, 8 ], [ 0, 6, 0, 2, 0 ] ], 
  [ [ 0, 0, 1, 0, 0 ], [ 0, 1, 0, 0, 0 ], [ 1, 0, 0, 0, 0 ], [ 0, 0, 0, 1, 0 ], [ 0, 0, 0, 0, 1 ] ], [ [ 0, 0, 0, 2, 0 ], [ 0, 0, 0, 0, 2 ], [ 0, 0, 0, 2, 0 ], [ 1, 0, 1, 0, 0 ], [ 0, 2, 0, 0, 0 ] ], 
  [ [ 0, 0, 0, 0, 8 ], [ 0, 6, 0, 2, 0 ], [ 0, 0, 0, 0, 8 ], [ 0, 8, 0, 0, 0 ], [ 1, 0, 1, 0, 6 ] ] ]


 Q-polynomial


