 degree:18
 order:36
[ 18, 2, 6, 9 ][ 18, 9, 12 ][ 0, 0 ][ 6 ][ 0, 0 ][ 0 ][ 0 ]

minimal polynomial:[ x-18, x-3, x, x+6, x+9 ]x^2-x-2
x^3-3*x^2-18*x
x^3-6*x^2-27*x

 SITAs:
[ [ [ 1, 0, 0, 0, 0 ], [ 0, 1, 0, 0, 0 ], [ 0, 0, 1, 0, 0 ], [ 0, 0, 0, 1, 0 ], [ 0, 0, 0, 0, 1 ] ], 
  [ [ 0, 18, 0, 0, 0 ], [ 1, 6, 2, 3, 6 ], [ 0, 18, 0, 0, 0 ], [ 0, 9, 0, 0, 9 ], [ 0, 12, 0, 6, 0 ] ], 
  [ [ 0, 0, 2, 0, 0 ], [ 0, 2, 0, 0, 0 ], [ 1, 0, 1, 0, 0 ], [ 0, 0, 0, 2, 0 ], [ 0, 0, 0, 0, 2 ] ], 
  [ [ 0, 0, 0, 6, 0 ], [ 0, 3, 0, 0, 3 ], [ 0, 0, 0, 6, 0 ], [ 1, 0, 2, 3, 0 ], [ 0, 6, 0, 0, 0 ] ], 
  [ [ 0, 0, 0, 0, 9 ], [ 0, 6, 0, 3, 0 ], [ 0, 0, 0, 0, 9 ], [ 0, 9, 0, 0, 0 ], [ 1, 0, 2, 0, 6 ] ] ]

