 degree:5
 order:36
[ 5, 15, 5, 10 ][ 1, 1, 0, 0, 3, 2 ]

minimal polynomial:[ x-5, x-2, x-1, x+2, x+4 ]
[ x-15, x-6, x, x+9 ]
[ x-5, x+1 ]
[ x-10, x-2, x+2, x+8 ]

 SITA:
[ [ [ 1, 0, 0, 0, 0 ], [ 0, 1, 0, 0, 0 ], [ 0, 0, 1, 0, 0 ], [ 0, 0, 0, 1, 0 ], [ 0, 0, 0, 0, 1 ] ],
  [ [ 0, 5, 0, 0, 0 ], [ 1, 0, 3, 1, 0 ], [ 0, 1, 2, 0, 2 ], [ 0, 1, 0, 0, 4 ], [ 0, 0, 3, 2, 0 ] ],
  [ [ 0, 0, 15, 0, 0 ], [ 0, 3, 6, 0, 6 ], [ 1, 2, 3, 5, 4 ], [ 0, 0, 15, 0, 0 ], [ 0, 3, 6, 0, 6 ] ],
  [ [ 0, 0, 0, 5, 0 ], [ 0, 1, 0, 0, 4 ], [ 0, 0, 5, 0, 0 ], [ 1, 0, 0, 4, 0 ], [ 0, 2, 0, 0, 3 ] ],
  [ [ 0, 0, 0, 0, 10 ], [ 0, 0, 6, 4, 0 ], [ 0, 2, 4, 0, 4 ], [ 0, 4, 0, 0, 6 ], [ 1, 0, 6, 3, 0 ] ] ]
