 degree:20
 order:50
[ 20, 4, 5, 20 ][ 15, 0, 16 ][ 4, 0 ][ 4 ][ 0, 0 ][ 0 ][ 1 ]

minimal polynomial:[ x-20, x, x+20, x^2-5 ]
 Galois type:1

 minimal polynomial of other basis elements:
 x^2-3*x-4
x^5-30*x^3+125*x
x^3-15*x^2-100*x

 SITAs:
[ [ [ 1, 0, 0, 0, 0 ], [ 0, 1, 0, 0, 0 ], [ 0, 0, 1, 0, 0 ], [ 0, 0, 0, 1, 0 ], [ 0, 0, 0, 0, 1 ] ], 
  [ [ 0, 20, 0, 0, 0 ], [ 1, 0, 3, 0, 16 ], [ 0, 15, 0, 5, 0 ], [ 0, 0, 4, 0, 16 ], [ 0, 16, 0, 4, 0 ] ], 
  [ [ 0, 0, 4, 0, 0 ], [ 0, 3, 0, 1, 0 ], [ 1, 0, 3, 0, 0 ], [ 0, 4, 0, 0, 0 ], [ 0, 0, 0, 0, 4 ] ], 
  [ [ 0, 0, 0, 5, 0 ], [ 0, 0, 1, 0, 4 ], [ 0, 5, 0, 0, 0 ], [ 1, 0, 0, 0, 4 ], [ 0, 4, 0, 1, 0 ] ], 
  [ [ 0, 0, 0, 0, 20 ], [ 0, 16, 0, 4, 0 ], [ 0, 0, 0, 0, 20 ], [ 0, 16, 0, 4, 0 ], [ 1, 0, 4, 0, 15 ] ] ]

