 degree:24
 order:42
[ 24, 1, 4, 12 ][ 24, 12, 20 ][ 0, 0 ][ 4 ][ 0, 0 ][ 0 ][ 0 ]

minimal polynomial:[ x-24, x-2, x, x+4, x+12 ]x^2-1
x^3-2*x^2-8*x
x^3-10*x^2-24*x

 SITAs:
[ [ [ 1, 0, 0, 0, 0 ], [ 0, 1, 0, 0, 0 ], [ 0, 0, 1, 0, 0 ], [ 0, 0, 0, 1, 0 ], [ 0, 0, 0, 0, 1 ] ], 
  [ [ 0, 24, 0, 0, 0 ], [ 1, 10, 1, 2, 10 ], [ 0, 24, 0, 0, 0 ], [ 0, 12, 0, 0, 12 ], [ 0, 20, 0, 4, 0 ] ], 
  [ [ 0, 0, 1, 0, 0 ], [ 0, 1, 0, 0, 0 ], [ 1, 0, 0, 0, 0 ], [ 0, 0, 0, 1, 0 ], [ 0, 0, 0, 0, 1 ] ], 
  [ [ 0, 0, 0, 4, 0 ], [ 0, 2, 0, 0, 2 ], [ 0, 0, 0, 4, 0 ], [ 1, 0, 1, 2, 0 ], [ 0, 4, 0, 0, 0 ] ], 
  [ [ 0, 0, 0, 0, 12 ], [ 0, 10, 0, 2, 0 ], [ 0, 0, 0, 0, 12 ], [ 0, 12, 0, 0, 0 ], [ 1, 0, 1, 0, 10 ] ] ]

