 degree:15
 order:36
[ 15, 2, 3, 15 ][ 15, 0, 12 ][ 0, 0 ][ 3 ][ 0, 0 ][ 0 ][ 0 ]

minimal polynomial:[ x-15, x-3, x, x+3, x+15 ]x^2-x-2
x^3-9*x
x^3-12*x^2-45*x

 SITAs:
[ [ [ 1, 0, 0, 0, 0 ], [ 0, 1, 0, 0, 0 ], [ 0, 0, 1, 0, 0 ], [ 0, 0, 0, 1, 0 ], [ 0, 0, 0, 0, 1 ] ], 
  [ [ 0, 15, 0, 0, 0 ], [ 1, 0, 2, 0, 12 ], [ 0, 15, 0, 0, 0 ], [ 0, 0, 0, 0, 15 ], [ 0, 12, 0, 3, 0 ] ], 
  [ [ 0, 0, 2, 0, 0 ], [ 0, 2, 0, 0, 0 ], [ 1, 0, 1, 0, 0 ], [ 0, 0, 0, 2, 0 ], [ 0, 0, 0, 0, 2 ] ], 
  [ [ 0, 0, 0, 3, 0 ], [ 0, 0, 0, 0, 3 ], [ 0, 0, 0, 3, 0 ], [ 1, 0, 2, 0, 0 ], [ 0, 3, 0, 0, 0 ] ], 
  [ [ 0, 0, 0, 0, 15 ], [ 0, 12, 0, 3, 0 ], [ 0, 0, 0, 0, 15 ], [ 0, 15, 0, 0, 0 ], [ 1, 0, 2, 0, 12 ] ] ]

