 degree:8
 order:30
[ 8, 6, 3, 12 ][ 4, 0, 0 ][ 0, 2 ][ 2 ][ 4, 0 ][ 0 ][ 0 ]

minimal polynomial:[ x-8, x-6, x, x+2, x+4 ]x^3-5*x^2-8*x+12
x^3-2*x^2-5*x+6
x^4-8*x^3-60*x^2+144*x

 SITAs:
[ [ [ 1, 0, 0, 0, 0 ], [ 0, 1, 0, 0, 0 ], [ 0, 0, 1, 0, 0 ], [ 0, 0, 0, 1, 0 ], [ 0, 0, 0, 0, 1 ] ], 
  [ [ 0, 8, 0, 0, 0 ], [ 1, 4, 3, 0, 0 ], [ 0, 4, 0, 0, 4 ], [ 0, 0, 0, 0, 8 ], [ 0, 0, 2, 2, 4 ] ], 
  [ [ 0, 0, 6, 0, 0 ], [ 0, 3, 0, 0, 3 ], [ 1, 0, 3, 2, 0 ], [ 0, 0, 4, 2, 0 ], [ 0, 2, 0, 0, 4 ] ], 
  [ [ 0, 0, 0, 3, 0 ], [ 0, 0, 0, 0, 3 ], [ 0, 0, 2, 1, 0 ], [ 1, 0, 2, 0, 0 ], [ 0, 2, 0, 0, 1 ] ], 
  [ [ 0, 0, 0, 0, 12 ], [ 0, 0, 3, 3, 6 ], [ 0, 4, 0, 0, 8 ], [ 0, 8, 0, 0, 4 ], [ 1, 4, 4, 1, 2 ] ] ]

