 degree:24
 order:40
[ 24, 3, 8, 4 ][ 16, 15, 18 ][ 3, 0 ][ 6 ][ 0, 0 ][ 0 ][ 2 ]

minimal polynomial:[ x-24, x-2, x, x+4, x+6 ]x^2-2*x-3
x^4-10*x^3+8*x^2+64*x
x^3-16*x

 SITAs:
[ [ [ 1, 0, 0, 0, 0 ], [ 0, 1, 0, 0, 0 ], [ 0, 0, 1, 0, 0 ], [ 0, 0, 0, 1, 0 ], [ 0, 0, 0, 0, 1 ] ], 
  [ [ 0, 24, 0, 0, 0 ], [ 1, 13, 2, 5, 3 ], [ 0, 16, 0, 8, 0 ], [ 0, 15, 3, 3, 3 ], [ 0, 18, 0, 6, 0 ] ], 
  [ [ 0, 0, 3, 0, 0 ], [ 0, 2, 0, 1, 0 ], [ 1, 0, 2, 0, 0 ], [ 0, 3, 0, 0, 0 ], [ 0, 0, 0, 0, 3 ] ], 
  [ [ 0, 0, 0, 8, 0 ], [ 0, 5, 1, 1, 1 ], [ 0, 8, 0, 0, 0 ], [ 1, 3, 0, 3, 1 ], [ 0, 6, 0, 2, 0 ] ], 
  [ [ 0, 0, 0, 0, 4 ], [ 0, 3, 0, 1, 0 ], [ 0, 0, 0, 0, 4 ], [ 0, 3, 0, 1, 0 ], [ 1, 0, 3, 0, 0 ] ] ]

