 degree:6
 order:35
[ 6, 4, 12, 12 ][ 3, 0, 1 ][ 0, 1 ][ 2 ][ 0, 1 ][ 2 ][ 4 ]

minimal polynomial:[ x-6, x-4, x-1, x+1, x+3 ]x^4-2*x^3-13*x^2+14*x+24
x^5-5*x^4-88*x^3+20*x^2+336*x
x^4-14*x^3+9*x^2+180*x

 SITAs:
[ [ [ 1, 0, 0, 0, 0 ], [ 0, 1, 0, 0, 0 ], [ 0, 0, 1, 0, 0 ], [ 0, 0, 0, 1, 0 ], [ 0, 0, 0, 0, 1 ] ], 
  [ [ 0, 6, 0, 0, 0 ], [ 1, 1, 2, 0, 2 ], [ 0, 3, 0, 0, 3 ], [ 0, 0, 0, 4, 2 ], [ 0, 1, 1, 2, 2 ] ], 
  [ [ 0, 0, 4, 0, 0 ], [ 0, 2, 0, 0, 2 ], [ 1, 0, 0, 0, 3 ], [ 0, 0, 0, 2, 2 ], [ 0, 1, 1, 2, 0 ] ], 
  [ [ 0, 0, 0, 12, 0 ], [ 0, 0, 0, 8, 4 ], [ 0, 0, 0, 6, 6 ], [ 1, 4, 2, 1, 4 ], [ 0, 2, 2, 4, 4 ] ], 
  [ [ 0, 0, 0, 0, 12 ], [ 0, 2, 2, 4, 4 ], [ 0, 3, 3, 6, 0 ], [ 0, 2, 2, 4, 4 ], [ 1, 2, 0, 4, 5 ] ] ]

