 degree:30
 order:48
[ 30, 1, 6, 10 ][ 30, 20, 24 ][ 0, 0 ][ 6 ][ 0, 0 ][ 0 ][ 0 ]

minimal polynomial:[ x-30, x-2, x, x+6, x+10 ]x^2-1
x^3-4*x^2-12*x
x^3-8*x^2-20*x

 SITAs:
[ [ [ 1, 0, 0, 0, 0 ], [ 0, 1, 0, 0, 0 ], [ 0, 0, 1, 0, 0 ], [ 0, 0, 0, 1, 0 ], [ 0, 0, 0, 0, 1 ] ], 
  [ [ 0, 30, 0, 0, 0 ], [ 1, 16, 1, 4, 8 ], [ 0, 30, 0, 0, 0 ], [ 0, 20, 0, 0, 10 ], [ 0, 24, 0, 6, 0 ] ], 
  [ [ 0, 0, 1, 0, 0 ], [ 0, 1, 0, 0, 0 ], [ 1, 0, 0, 0, 0 ], [ 0, 0, 0, 1, 0 ], [ 0, 0, 0, 0, 1 ] ], 
  [ [ 0, 0, 0, 6, 0 ], [ 0, 4, 0, 0, 2 ], [ 0, 0, 0, 6, 0 ], [ 1, 0, 1, 4, 0 ], [ 0, 6, 0, 0, 0 ] ], 
  [ [ 0, 0, 0, 0, 10 ], [ 0, 8, 0, 2, 0 ], [ 0, 0, 0, 0, 10 ], [ 0, 10, 0, 0, 0 ], [ 1, 0, 1, 0, 8 ] ] ]

