 degree:28
 order:48
[ 28, 1, 4, 14 ][ 28, 14, 24 ][ 0, 0 ][ 4 ][ 0, 0 ][ 0 ][ 0 ]

minimal polynomial:[ x-28, x-2, x, x+4, x+14 ]x^2-1
x^3-2*x^2-8*x
x^3-12*x^2-28*x

 SITAs:
[ [ [ 1, 0, 0, 0, 0 ], [ 0, 1, 0, 0, 0 ], [ 0, 0, 1, 0, 0 ], [ 0, 0, 0, 1, 0 ], [ 0, 0, 0, 0, 1 ] ], 
  [ [ 0, 28, 0, 0, 0 ], [ 1, 12, 1, 2, 12 ], [ 0, 28, 0, 0, 0 ], [ 0, 14, 0, 0, 14 ], [ 0, 24, 0, 4, 0 ] ], 
  [ [ 0, 0, 1, 0, 0 ], [ 0, 1, 0, 0, 0 ], [ 1, 0, 0, 0, 0 ], [ 0, 0, 0, 1, 0 ], [ 0, 0, 0, 0, 1 ] ], 
  [ [ 0, 0, 0, 4, 0 ], [ 0, 2, 0, 0, 2 ], [ 0, 0, 0, 4, 0 ], [ 1, 0, 1, 2, 0 ], [ 0, 4, 0, 0, 0 ] ], 
  [ [ 0, 0, 0, 0, 14 ], [ 0, 12, 0, 2, 0 ], [ 0, 0, 0, 0, 14 ], [ 0, 14, 0, 0, 0 ], [ 1, 0, 1, 0, 12 ] ] ]

