 degree:6
 order:20
[ 6, 6, 1, 6 ][ 2, 0, 2, 0, 2, 1 ]

minimal polynomial:[ x-6, x-2, x-1, x+2, x+3 ]x^4-4*x^3-20*x^2+48*x
x^2-1
x^4-8*x^3+7*x^2+36*x-36

 SITA:
[ [ [ 1, 0, 0, 0, 0 ], [ 0, 1, 0, 0, 0 ], [ 0, 0, 1, 0, 0 ], [ 0, 0, 0, 1, 0 ], [ 0, 0, 0, 0, 1 ] ], [ [ 0, 6, 0, 0, 0 ], [ 1, 1, 2, 0, 2 ], [ 0, 2, 2, 0, 2 ], [ 0, 0, 0, 0, 6 ], [ 0, 2, 2, 1, 1 ] ], 
  [ [ 0, 0, 6, 0, 0 ], [ 0, 2, 2, 0, 2 ], [ 1, 2, 0, 1, 2 ], [ 0, 0, 6, 0, 0 ], [ 0, 2, 2, 0, 2 ] ], [ [ 0, 0, 0, 1, 0 ], [ 0, 0, 0, 0, 1 ], [ 0, 0, 1, 0, 0 ], [ 1, 0, 0, 0, 0 ], [ 0, 1, 0, 0, 0 ] ], 
  [ [ 0, 0, 0, 0, 6 ], [ 0, 2, 2, 1, 1 ], [ 0, 2, 2, 0, 2 ], [ 0, 6, 0, 0, 0 ], [ 1, 1, 2, 0, 2 ] ] ]

