 degree:8
 order:70
[ 8, 1, 24, 36 ][ 8, 2, 0, 0, 0, 4 ]

minimal polynomial:[ x-8, x-4, x, x+2, x+6 ]
[ x-1, x+1 ]
[ x-24, x-10, x, x+6 ]
[ x-36, x-6, x, x+6 ]

 SITA:
[ [ [ 1, 0, 0, 0, 0 ], [ 0, 1, 0, 0, 0 ], [ 0, 0, 1, 0, 0 ], [ 0, 0, 0, 1, 0 ], [ 0, 0, 0, 0, 1 ] ],
  [ [ 0, 8, 0, 0, 0 ], [ 1, 0, 1, 6, 0 ], [ 0, 8, 0, 0, 0 ], [ 0, 2, 0, 0, 6 ], [ 0, 0, 0, 4, 4 ] ],
  [ [ 0, 0, 1, 0, 0 ], [ 0, 1, 0, 0, 0 ], [ 1, 0, 0, 0, 0 ], [ 0, 0, 0, 1, 0 ], [ 0, 0, 0, 0, 1 ] ],
  [ [ 0, 0, 0, 24, 0 ], [ 0, 6, 0, 0, 18 ], [ 0, 0, 0, 24, 0 ], [ 1, 0, 1, 10, 12 ],
      [ 0, 4, 0, 8, 12 ] ],
  [ [ 0, 0, 0, 0, 36 ], [ 0, 0, 0, 18, 18 ], [ 0, 0, 0, 0, 36 ], [ 0, 6, 0, 12, 18 ],
      [ 1, 4, 1, 12, 18 ] ] ]

 