 degree:10
 order:140
[ 10, 45, 24, 60 ][ 2, 0, 0, 0, 6, 4 ]

minimal polynomial:[ x-10, x-4, x, x+4, x+10 ]
[ x-45, x-3, x+5 ]
[ x-24, x-4, x+4 ]
[ x-60, x-4, x, x+4, x+60 ]

 SITA:
[ [ [ 1, 0, 0, 0, 0 ], [ 0, 1, 0, 0, 0 ], [ 0, 0, 1, 0, 0 ], [ 0, 0, 0, 1, 0 ], [ 0, 0, 0, 0, 1 ] ],
  [ [ 0, 10, 0, 0, 0 ], [ 1, 0, 9, 0, 0 ], [ 0, 2, 0, 0, 8 ], [ 0, 0, 0, 0, 10 ], [ 0, 0, 6, 4, 0 ] ]
    , [ [ 0, 0, 45, 0, 0 ], [ 0, 9, 0, 0, 36 ], [ 1, 0, 28, 16, 0 ], [ 0, 0, 30, 15, 0 ],
      [ 0, 6, 0, 0, 39 ] ],
  [ [ 0, 0, 0, 24, 0 ], [ 0, 0, 0, 0, 24 ], [ 0, 0, 16, 8, 0 ], [ 1, 0, 15, 8, 0 ],
      [ 0, 4, 0, 0, 20 ] ],
  [ [ 0, 0, 0, 0, 60 ], [ 0, 0, 36, 24, 0 ], [ 0, 8, 0, 0, 52 ], [ 0, 10, 0, 0, 50 ],
      [ 1, 0, 39, 20, 0 ] ] ]
