 degree:16
 order:40
[ 16, 6, 1, 16 ][ 8, 0, 2 ][ 0, 3 ][ 1 ][ 6, 0 ][ 0 ][ 0 ]

minimal polynomial:[ x-16, x, x+4, x^2-8*x-16 ]
 Galois type:1

 minimal polynomial of other basis elements:
 x^3-4*x^2-12*x
x^2-1
x^5-4*x^4-176*x^3-320*x^2+1024*x

 SITAs:
[ [ [ 1, 0, 0, 0, 0 ], [ 0, 1, 0, 0, 0 ], [ 0, 0, 1, 0, 0 ], [ 0, 0, 0, 1, 0 ], [ 0, 0, 0, 0, 1 ] ], 
  [ [ 0, 16, 0, 0, 0 ], [ 1, 10, 3, 0, 2 ], [ 0, 8, 0, 0, 8 ], [ 0, 0, 0, 0, 16 ], [ 0, 2, 3, 1, 10 ] ], 
  [ [ 0, 0, 6, 0, 0 ], [ 0, 3, 0, 0, 3 ], [ 1, 0, 4, 1, 0 ], [ 0, 0, 6, 0, 0 ], [ 0, 3, 0, 0, 3 ] ], 
  [ [ 0, 0, 0, 1, 0 ], [ 0, 0, 0, 0, 1 ], [ 0, 0, 1, 0, 0 ], [ 1, 0, 0, 0, 0 ], [ 0, 1, 0, 0, 0 ] ], 
  [ [ 0, 0, 0, 0, 16 ], [ 0, 2, 3, 1, 10 ], [ 0, 8, 0, 0, 8 ], [ 0, 16, 0, 0, 0 ], [ 1, 10, 3, 0, 2 ] ] ]

