 degree:12
 order:27
[ 12, 4, 6, 4 ][ 6, 4, 9 ][ 4, 0 ][ 3 ][ 0, 2 ][ 0 ][ 3 ]

minimal polynomial:[ x-12, x-3, x, x+3, x+6 ]x^3-3*x^2-6*x+8
x^4-6*x^3-9*x^2+54*x
x^3-3*x^2-6*x+8

 SITAs:
[ [ [ 1, 0, 0, 0, 0 ], [ 0, 1, 0, 0, 0 ], [ 0, 0, 1, 0, 0 ], [ 0, 0, 0, 1, 0 ], [ 0, 0, 0, 0, 1 ] ], 
  [ [ 0, 12, 0, 0, 0 ], [ 1, 4, 2, 2, 3 ], [ 0, 6, 0, 6, 0 ], [ 0, 4, 4, 2, 2 ], [ 0, 9, 0, 3, 0 ] ], 
  [ [ 0, 0, 4, 0, 0 ], [ 0, 2, 0, 2, 0 ], [ 1, 0, 1, 0, 2 ], [ 0, 4, 0, 0, 0 ], [ 0, 0, 2, 0, 2 ] ], 
  [ [ 0, 0, 0, 6, 0 ], [ 0, 2, 2, 1, 1 ], [ 0, 6, 0, 0, 0 ], [ 1, 2, 0, 1, 2 ], [ 0, 3, 0, 3, 0 ] ], 
  [ [ 0, 0, 0, 0, 4 ], [ 0, 3, 0, 1, 0 ], [ 0, 0, 2, 0, 2 ], [ 0, 2, 0, 2, 0 ], [ 1, 0, 2, 0, 1 ] ] ]

