 degree:20
 order:48
[ 20, 2, 10, 15 ][ 20, 4, 12 ][ 0, 0 ][ 8 ][ 0, 0 ][ 0 ][ 2 ]

minimal polynomial:[ x-20, x-6, x, x+4, x+12 ]x^2-x-2
x^4-8*x^3-44*x^2+240*x
x^3-12*x^2-45*x

 SITAs:
[ [ [ 1, 0, 0, 0, 0 ], [ 0, 1, 0, 0, 0 ], [ 0, 0, 1, 0, 0 ], [ 0, 0, 0, 1, 0 ], [ 0, 0, 0, 0, 1 ] ], 
  [ [ 0, 20, 0, 0, 0 ], [ 1, 6, 2, 2, 9 ], [ 0, 20, 0, 0, 0 ], [ 0, 4, 0, 4, 12 ], [ 0, 12, 0, 8, 0 ] ], 
  [ [ 0, 0, 2, 0, 0 ], [ 0, 2, 0, 0, 0 ], [ 1, 0, 1, 0, 0 ], [ 0, 0, 0, 2, 0 ], [ 0, 0, 0, 0, 2 ] ], 
  [ [ 0, 0, 0, 10, 0 ], [ 0, 2, 0, 2, 6 ], [ 0, 0, 0, 10, 0 ], [ 1, 4, 2, 0, 3 ], [ 0, 8, 0, 2, 0 ] ], 
  [ [ 0, 0, 0, 0, 15 ], [ 0, 9, 0, 6, 0 ], [ 0, 0, 0, 0, 15 ], [ 0, 12, 0, 3, 0 ], [ 1, 0, 2, 0, 12 ] ] ]

