 degree:6
 order:24
[ 6, 1, 10, 6 ][ 6, 0, 1 ][ 0, 0 ][ 5 ][ 0, 0 ][ 0 ][ 5 ]

minimal polynomial:[ x-6, x-5, x, x+2, x+3 ]x^2-1
x^4-7*x^3-40*x^2+100*x
x^3-4*x^2-12*x

 SITAs:
[ [ [ 1, 0, 0, 0, 0 ], [ 0, 1, 0, 0, 0 ], [ 0, 0, 1, 0, 0 ], [ 0, 0, 0, 1, 0 ], [ 0, 0, 0, 0, 1 ] ], 
  [ [ 0, 6, 0, 0, 0 ], [ 1, 3, 1, 0, 1 ], [ 0, 6, 0, 0, 0 ], [ 0, 0, 0, 3, 3 ], [ 0, 1, 0, 5, 0 ] ], 
  [ [ 0, 0, 1, 0, 0 ], [ 0, 1, 0, 0, 0 ], [ 1, 0, 0, 0, 0 ], [ 0, 0, 0, 1, 0 ], [ 0, 0, 0, 0, 1 ] ], 
  [ [ 0, 0, 0, 10, 0 ], [ 0, 0, 0, 5, 5 ], [ 0, 0, 0, 10, 0 ], [ 1, 3, 1, 2, 3 ], [ 0, 5, 0, 5, 0 ] ], 
  [ [ 0, 0, 0, 0, 6 ], [ 0, 1, 0, 5, 0 ], [ 0, 0, 0, 0, 6 ], [ 0, 3, 0, 3, 0 ], [ 1, 0, 1, 0, 4 ] ] ]

