 degree:14
 order:49
[ 14, 6, 14, 14 ][ 14, 0, 7 ][ 0, 0 ][ 7 ][ 0, 0 ][ 0 ][ 0 ]

minimal polynomial:[ x-14, x, x^3+7*x^2-98*x-343 ]
 Galois type:1

 minimal polynomial of other basis elements:
 x^2-5*x-6
x^5-7*x^4-196*x^3+1029*x^2+4802*x
x^5-7*x^4-196*x^3+1029*x^2+4802*x

 SITAs:
[ [ [ 1, 0, 0, 0, 0 ], [ 0, 1, 0, 0, 0 ], [ 0, 0, 1, 0, 0 ], [ 0, 0, 0, 1, 0 ], [ 0, 0, 0, 0, 1 ] ], 
  [ [ 0, 14, 0, 0, 0 ], [ 1, 0, 6, 0, 7 ], [ 0, 14, 0, 0, 0 ], [ 0, 0, 0, 7, 7 ], [ 0, 7, 0, 7, 0 ] ], 
  [ [ 0, 0, 6, 0, 0 ], [ 0, 6, 0, 0, 0 ], [ 1, 0, 5, 0, 0 ], [ 0, 0, 0, 6, 0 ], [ 0, 0, 0, 0, 6 ] ], 
  [ [ 0, 0, 0, 14, 0 ], [ 0, 0, 0, 7, 7 ], [ 0, 0, 0, 14, 0 ], [ 1, 7, 6, 0, 0 ], [ 0, 7, 0, 0, 7 ] ], 
  [ [ 0, 0, 0, 0, 14 ], [ 0, 7, 0, 7, 0 ], [ 0, 0, 0, 0, 14 ], [ 0, 7, 0, 0, 7 ], [ 1, 0, 6, 7, 0 ] ] ]

