 degree:5
 order:36
[ 5, 5, 10, 15 ][ 1, 0, 1 ][ 2, 0 ][ 2 ][ 0, 0 ][ 0 ][ 4 ]

minimal polynomial:[ x-5, x-2, x-1, x+2, x+4 ]x^2-4*x-5
x^4-2*x^3-84*x^2+8*x+320
x^4-12*x^3-99*x^2+810*x

 SITAs:
[ [ [ 1, 0, 0, 0, 0 ], [ 0, 1, 0, 0, 0 ], [ 0, 0, 1, 0, 0 ], [ 0, 0, 0, 1, 0 ], [ 0, 0, 0, 0, 1 ] ], 
  [ [ 0, 5, 0, 0, 0 ], [ 1, 0, 1, 0, 3 ], [ 0, 1, 0, 4, 0 ], [ 0, 0, 2, 0, 3 ], [ 0, 1, 0, 2, 2 ] ], 
  [ [ 0, 0, 5, 0, 0 ], [ 0, 1, 0, 4, 0 ], [ 1, 0, 4, 0, 0 ], [ 0, 2, 0, 3, 0 ], [ 0, 0, 0, 0, 5 ] ], 
  [ [ 0, 0, 0, 10, 0 ], [ 0, 0, 4, 0, 6 ], [ 0, 4, 0, 6, 0 ], [ 1, 0, 3, 0, 6 ], [ 0, 2, 0, 4, 4 ] ], 
  [ [ 0, 0, 0, 0, 15 ], [ 0, 3, 0, 6, 6 ], [ 0, 0, 0, 0, 15 ], [ 0, 3, 0, 6, 6 ], [ 1, 2, 5, 4, 3 ] ] ]

