 degree:4
 order:32
[ 4, 6, 9, 12 ][ 2, 0, 0, 0, 1, 3 ]

minimal polynomial:[ x-4, x, x+4, x^2-8 ]
 Galois type:1

 minimal polynomial of other basis elements:
 x^3-6*x^2-4*x+24
x^3-7*x^2-21*x+27
x^5-152*x^3+1152*x

 SITA:
[ [ [ 1, 0, 0, 0, 0 ], [ 0, 1, 0, 0, 0 ], [ 0, 0, 1, 0, 0 ], 
      [ 0, 0, 0, 1, 0 ], [ 0, 0, 0, 0, 1 ] ], 
  [ [ 0, 4, 0, 0, 0 ], [ 1, 0, 3, 0, 0 ], [ 0, 2, 0, 0, 2 ], 
      [ 0, 0, 0, 0, 4 ], [ 0, 0, 1, 3, 0 ] ], 
  [ [ 0, 0, 6, 0, 0 ], [ 0, 3, 0, 0, 3 ], [ 1, 0, 2, 3, 0 ], 
      [ 0, 0, 2, 4, 0 ], [ 0, 1, 0, 0, 5 ] ], 
  [ [ 0, 0, 0, 9, 0 ], [ 0, 0, 0, 0, 9 ], [ 0, 0, 3, 6, 0 ], 
      [ 1, 0, 4, 4, 0 ], [ 0, 3, 0, 0, 6 ] ], 
  [ [ 0, 0, 0, 0, 12 ], [ 0, 0, 3, 9, 0 ], [ 0, 2, 0, 0, 10 ], 
      [ 0, 4, 0, 0, 8 ], [ 1, 0, 5, 6, 0 ] ] ]


 P-polynomial


