 degree:16
 order:36
[ 16, 2, 1, 16 ][ 8, 0, 7 ][ 0, 1 ][ 1 ][ 2, 0 ][ 0 ][ 0 ]

minimal polynomial:[ x-16, x-4, x, x+2, x+4 ]x^3-4*x
x^2-1
x^5-14*x^4-48*x^3+224*x^2+512*x

 SITAs:
[ [ [ 1, 0, 0, 0, 0 ], [ 0, 1, 0, 0, 0 ], [ 0, 0, 1, 0, 0 ], [ 0, 0, 0, 1, 0 ], [ 0, 0, 0, 0, 1 ] ], 
  [ [ 0, 16, 0, 0, 0 ], [ 1, 7, 1, 0, 7 ], [ 0, 8, 0, 0, 8 ], [ 0, 0, 0, 0, 16 ], [ 0, 7, 1, 1, 7 ] ], 
  [ [ 0, 0, 2, 0, 0 ], [ 0, 1, 0, 0, 1 ], [ 1, 0, 0, 1, 0 ], [ 0, 0, 2, 0, 0 ], [ 0, 1, 0, 0, 1 ] ], 
  [ [ 0, 0, 0, 1, 0 ], [ 0, 0, 0, 0, 1 ], [ 0, 0, 1, 0, 0 ], [ 1, 0, 0, 0, 0 ], [ 0, 1, 0, 0, 0 ] ], 
  [ [ 0, 0, 0, 0, 16 ], [ 0, 7, 1, 1, 7 ], [ 0, 8, 0, 0, 8 ], [ 0, 16, 0, 0, 0 ], [ 1, 7, 1, 0, 7 ] ] ]

