 degree:12
 order:30
[ 12, 3, 8, 6 ][ 4, 3, 8 ][ 3, 0 ][ 4 ][ 0, 1 ][ 0 ][ 4 ]

minimal polynomial:[ x-12, x-4, x, x+3, x+6 ]x^3-2*x^2-5*x+6
x^4-7*x^3-20*x^2+96*x
x^3-5*x^2-8*x+12

 SITAs:
[ [ [ 1, 0, 0, 0, 0 ], [ 0, 1, 0, 0, 0 ], [ 0, 0, 1, 0, 0 ], [ 0, 0, 0, 1, 0 ], [ 0, 0, 0, 0, 1 ] ], 
  [ [ 0, 12, 0, 0, 0 ], [ 1, 4, 1, 2, 4 ], [ 0, 4, 0, 8, 0 ], [ 0, 3, 3, 3, 3 ], [ 0, 8, 0, 4, 0 ] ], 
  [ [ 0, 0, 3, 0, 0 ], [ 0, 1, 0, 2, 0 ], [ 1, 0, 0, 0, 2 ], [ 0, 3, 0, 0, 0 ], [ 0, 0, 1, 0, 2 ] ], 
  [ [ 0, 0, 0, 8, 0 ], [ 0, 2, 2, 2, 2 ], [ 0, 8, 0, 0, 0 ], [ 1, 3, 0, 1, 3 ], [ 0, 4, 0, 4, 0 ] ], 
  [ [ 0, 0, 0, 0, 6 ], [ 0, 4, 0, 2, 0 ], [ 0, 0, 2, 0, 4 ], [ 0, 3, 0, 3, 0 ], [ 1, 0, 2, 0, 3 ] ] ]

