 degree:16
 order:40
[ 16, 6, 1, 16 ][ 8, 0, 3 ][ 0, 3 ][ 1 ][ 6, 0 ][ 0 ][ 0 ]

minimal polynomial:[ x-16, x-8, x, x+2, x+4 ]x^3-4*x^2-12*x
x^2-1
x^5-6*x^4-152*x^3-192*x^2+1024*x

 SITAs:
[ [ [ 1, 0, 0, 0, 0 ], [ 0, 1, 0, 0, 0 ], [ 0, 0, 1, 0, 0 ], [ 0, 0, 0, 1, 0 ], [ 0, 0, 0, 0, 1 ] ], 
  [ [ 0, 16, 0, 0, 0 ], [ 1, 9, 3, 0, 3 ], [ 0, 8, 0, 0, 8 ], [ 0, 0, 0, 0, 16 ], [ 0, 3, 3, 1, 9 ] ], 
  [ [ 0, 0, 6, 0, 0 ], [ 0, 3, 0, 0, 3 ], [ 1, 0, 4, 1, 0 ], [ 0, 0, 6, 0, 0 ], [ 0, 3, 0, 0, 3 ] ], 
  [ [ 0, 0, 0, 1, 0 ], [ 0, 0, 0, 0, 1 ], [ 0, 0, 1, 0, 0 ], [ 1, 0, 0, 0, 0 ], [ 0, 1, 0, 0, 0 ] ], 
  [ [ 0, 0, 0, 0, 16 ], [ 0, 3, 3, 1, 9 ], [ 0, 8, 0, 0, 8 ], [ 0, 16, 0, 0, 0 ], [ 1, 9, 3, 0, 3 ] ] ]

