 degree:15
 order:36
[ 15, 3, 5, 12 ][ 15, 3, 10 ][ 0, 0 ][ 5 ][ 0, 0 ][ 0 ][ 0 ]

minimal polynomial:[ x-15, x-4, x, x+5, x+12 ]x^2-2*x-3
x^3-x^2-20*x
x^3-8*x^2-48*x

 SITAs:
[ [ [ 1, 0, 0, 0, 0 ], [ 0, 1, 0, 0, 0 ], [ 0, 0, 1, 0, 0 ], [ 0, 0, 0, 1, 0 ], [ 0, 0, 0, 0, 1 ] ], 
  [ [ 0, 15, 0, 0, 0 ], [ 1, 2, 3, 1, 8 ], [ 0, 15, 0, 0, 0 ], [ 0, 3, 0, 0, 12 ], [ 0, 10, 0, 5, 0 ] ], 
  [ [ 0, 0, 3, 0, 0 ], [ 0, 3, 0, 0, 0 ], [ 1, 0, 2, 0, 0 ], [ 0, 0, 0, 3, 0 ], [ 0, 0, 0, 0, 3 ] ], 
  [ [ 0, 0, 0, 5, 0 ], [ 0, 1, 0, 0, 4 ], [ 0, 0, 0, 5, 0 ], [ 1, 0, 3, 1, 0 ], [ 0, 5, 0, 0, 0 ] ], 
  [ [ 0, 0, 0, 0, 12 ], [ 0, 8, 0, 4, 0 ], [ 0, 0, 0, 0, 12 ], [ 0, 12, 0, 0, 0 ], [ 1, 0, 3, 0, 8 ] ] ]

