 degree:10
 order:32
[ 10, 1, 10, 10 ][ 10, 0, 4 ][ 0, 0 ][ 6 ][ 0, 0 ][ 0 ][ 4 ]

minimal polynomial:[ x-10, x-6, x, x+2, x+6 ]x^2-1
x^4-6*x^3-52*x^2+120*x
x^3-8*x^2-20*x

 SITAs:
[ [ [ 1, 0, 0, 0, 0 ], [ 0, 1, 0, 0, 0 ], [ 0, 0, 1, 0, 0 ], [ 0, 0, 0, 1, 0 ], [ 0, 0, 0, 0, 1 ] ], 
  [ [ 0, 10, 0, 0, 0 ], [ 1, 4, 1, 0, 4 ], [ 0, 10, 0, 0, 0 ], [ 0, 0, 0, 4, 6 ], [ 0, 4, 0, 6, 0 ] ], 
  [ [ 0, 0, 1, 0, 0 ], [ 0, 1, 0, 0, 0 ], [ 1, 0, 0, 0, 0 ], [ 0, 0, 0, 1, 0 ], [ 0, 0, 0, 0, 1 ] ], 
  [ [ 0, 0, 0, 10, 0 ], [ 0, 0, 0, 4, 6 ], [ 0, 0, 0, 10, 0 ], [ 1, 4, 1, 0, 4 ], [ 0, 6, 0, 4, 0 ] ], 
  [ [ 0, 0, 0, 0, 10 ], [ 0, 4, 0, 6, 0 ], [ 0, 0, 0, 0, 10 ], [ 0, 6, 0, 4, 0 ], [ 1, 0, 1, 0, 8 ] ] ]

