 degree:10
 order:41
[ 10, 10, 10, 10 ][ 4, 3, 2, 2, 2, 2 ]

minimal polynomial:[ x-10, x^4+x^3-15*x^2+18*x-4 ]1
[ x-10, x^4+x^3-15*x^2+18*x-4 ]
[ x-10, x^4+x^3-15*x^2+18*x-4 ]
[ x-10, x^4+x^3-15*x^2+18*x-4 ]

 SITA:
[ [ [ 1, 0, 0, 0, 0 ], [ 0, 1, 0, 0, 0 ], [ 0, 0, 1, 0, 0 ], [ 0, 0, 0, 1, 0 ], [ 0, 0, 0, 0, 1 ] ],
  [ [ 0, 10, 0, 0, 0 ], [ 1, 0, 4, 3, 2 ], [ 0, 4, 2, 2, 2 ], [ 0, 3, 2, 3, 2 ], [ 0, 2, 2, 2, 4 ] ],
  [ [ 0, 0, 10, 0, 0 ], [ 0, 4, 2, 2, 2 ], [ 1, 2, 0, 4, 3 ], [ 0, 2, 4, 2, 2 ], [ 0, 2, 3, 2, 3 ] ],
  [ [ 0, 0, 0, 10, 0 ], [ 0, 3, 2, 3, 2 ], [ 0, 2, 4, 2, 2 ], [ 1, 3, 2, 0, 4 ], [ 0, 2, 2, 4, 2 ] ],
  [ [ 0, 0, 0, 0, 10 ], [ 0, 2, 2, 2, 4 ], [ 0, 2, 3, 2, 3 ], [ 0, 2, 2, 4, 2 ], [ 1, 4, 3, 2, 0 ] ]
 ]
     


