 degree:6
 order:16
[ 6, 1, 2, 6 ][ 6, 0, 4, 0, 0, 2 ]

minimal polynomial:[ x-6, x-2, x, x+2, x+6 ]x^2-1
x^3-4*x
x^3-4*x^2-12*x

 SITA:
[ [ [ 1, 0, 0, 0, 0 ], [ 0, 1, 0, 0, 0 ], [ 0, 0, 1, 0, 0 ], [ 0, 0, 0, 1, 0 ], [ 0, 0, 0, 0, 1 ] ], [ [ 0, 6, 0, 0, 0 ], [ 1, 0, 1, 0, 4 ], [ 0, 6, 0, 0, 0 ], [ 0, 0, 0, 0, 6 ], [ 0, 4, 0, 2, 0 ] ], 
  [ [ 0, 0, 1, 0, 0 ], [ 0, 1, 0, 0, 0 ], [ 1, 0, 0, 0, 0 ], [ 0, 0, 0, 1, 0 ], [ 0, 0, 0, 0, 1 ] ], [ [ 0, 0, 0, 2, 0 ], [ 0, 0, 0, 0, 2 ], [ 0, 0, 0, 2, 0 ], [ 1, 0, 1, 0, 0 ], [ 0, 2, 0, 0, 0 ] ], 
  [ [ 0, 0, 0, 0, 6 ], [ 0, 4, 0, 2, 0 ], [ 0, 0, 0, 0, 6 ], [ 0, 6, 0, 0, 0 ], [ 1, 0, 1, 0, 4 ] ] ]


 Q-polynomial


