 degree:24
 order:40
[ 24, 1, 6, 8 ][ 24, 16, 18 ][ 0, 0 ][ 6 ][ 0, 0 ][ 0 ][ 0 ]

minimal polynomial:[ x-24, x-2, x, x+6, x+8 ]x^2-1
x^3-4*x^2-12*x
x^3-6*x^2-16*x

 SITAs:
[ [ [ 1, 0, 0, 0, 0 ], [ 0, 1, 0, 0, 0 ], [ 0, 0, 1, 0, 0 ], [ 0, 0, 0, 1, 0 ], [ 0, 0, 0, 0, 1 ] ], 
  [ [ 0, 24, 0, 0, 0 ], [ 1, 12, 1, 4, 6 ], [ 0, 24, 0, 0, 0 ], [ 0, 16, 0, 0, 8 ], [ 0, 18, 0, 6, 0 ] ], 
  [ [ 0, 0, 1, 0, 0 ], [ 0, 1, 0, 0, 0 ], [ 1, 0, 0, 0, 0 ], [ 0, 0, 0, 1, 0 ], [ 0, 0, 0, 0, 1 ] ], 
  [ [ 0, 0, 0, 6, 0 ], [ 0, 4, 0, 0, 2 ], [ 0, 0, 0, 6, 0 ], [ 1, 0, 1, 4, 0 ], [ 0, 6, 0, 0, 0 ] ], 
  [ [ 0, 0, 0, 0, 8 ], [ 0, 6, 0, 2, 0 ], [ 0, 0, 0, 0, 8 ], [ 0, 8, 0, 0, 0 ], [ 1, 0, 1, 0, 6 ] ] ]

