 degree:12
 order:48
[ 12, 9, 2, 24 ][ 4, 0, 4 ][ 0, 3 ][ 1 ][ 9, 0 ][ 0 ][ 0 ]

minimal polynomial:[ x-12, x-2, x, x+4, x+6 ]x^3-6*x^2-27*x
x^2-x-2
x^5-20*x^4-140*x^3+960*x^2+2304*x

 SITAs:
[ [ [ 1, 0, 0, 0, 0 ], [ 0, 1, 0, 0, 0 ], [ 0, 0, 1, 0, 0 ], [ 0, 0, 0, 1, 0 ], [ 0, 0, 0, 0, 1 ] ], 
  [ [ 0, 12, 0, 0, 0 ], [ 1, 0, 3, 0, 8 ], [ 0, 4, 0, 0, 8 ], [ 0, 0, 0, 0, 12 ], [ 0, 4, 3, 1, 4 ] ], 
  [ [ 0, 0, 9, 0, 0 ], [ 0, 3, 0, 0, 6 ], [ 1, 0, 6, 2, 0 ], [ 0, 0, 9, 0, 0 ], [ 0, 3, 0, 0, 6 ] ], 
  [ [ 0, 0, 0, 2, 0 ], [ 0, 0, 0, 0, 2 ], [ 0, 0, 2, 0, 0 ], [ 1, 0, 0, 1, 0 ], [ 0, 1, 0, 0, 1 ] ], 
  [ [ 0, 0, 0, 0, 24 ], [ 0, 8, 6, 2, 8 ], [ 0, 8, 0, 0, 16 ], [ 0, 12, 0, 0, 12 ], [ 1, 4, 6, 1, 12 ] ] ]

