 degree:11
 order:90
[ 11, 1, 33, 44 ][ 11, 2, 0, 0, 0, 3 ]

minimal polynomial:[ x-11, x-7, x-2, x, x+4 ]
[ x-1, x+1 ]
[ x-33, x-3, x, x+12 ]
[ x-44, x-8, x, x+1, x+12 ]
[ x-98, x-14, x, x+7 ]

 SITA:
[ [ [ 1, 0, 0, 0, 0 ], [ 0, 1, 0, 0, 0 ], [ 0, 0, 1, 0, 0 ], [ 0, 0, 0, 1, 0 ], [ 0, 0, 0, 0, 1 ] ],
  [ [ 0, 11, 0, 0, 0 ], [ 1, 3, 1, 6, 0 ], [ 0, 11, 0, 0, 0 ], [ 0, 2, 0, 5, 4 ], [ 0, 0, 0, 3, 8 ] ]
    , [ [ 0, 0, 1, 0, 0 ], [ 0, 1, 0, 0, 0 ], [ 1, 0, 0, 0, 0 ], [ 0, 0, 0, 1, 0 ],
      [ 0, 0, 0, 0, 1 ] ],
  [ [ 0, 0, 0, 33, 0 ], [ 0, 6, 0, 15, 12 ], [ 0, 0, 0, 33, 0 ], [ 1, 5, 1, 6, 20 ],
      [ 0, 3, 0, 15, 15 ] ],
  [ [ 0, 0, 0, 0, 44 ], [ 0, 0, 0, 12, 32 ], [ 0, 0, 0, 0, 44 ], [ 0, 4, 0, 20, 20 ],
      [ 1, 8, 1, 15, 19 ] ] ]