 degree:18
 order:48
[ 18, 3, 18, 8 ][ 6, 4, 9 ][ 2, 0 ][ 9 ][ 0, 0 ][ 0 ][ 9 ]

minimal polynomial:[ x-18, x-6, x, x+2, x+6 ]x^2-2*x-3
x^4-14*x^3-84*x^2+216*x
x^3-4*x^2-32*x

 SITAs:
[ [ [ 1, 0, 0, 0, 0 ], [ 0, 1, 0, 0, 0 ], [ 0, 0, 1, 0, 0 ], [ 0, 0, 0, 1, 0 ], [ 0, 0, 0, 0, 1 ] ], 
  [ [ 0, 18, 0, 0, 0 ], [ 1, 8, 1, 4, 4 ], [ 0, 6, 0, 12, 0 ], [ 0, 4, 2, 8, 4 ], [ 0, 9, 0, 9, 0 ] ], 
  [ [ 0, 0, 3, 0, 0 ], [ 0, 1, 0, 2, 0 ], [ 1, 0, 2, 0, 0 ], [ 0, 2, 0, 1, 0 ], [ 0, 0, 0, 0, 3 ] ], 
  [ [ 0, 0, 0, 18, 0 ], [ 0, 4, 2, 8, 4 ], [ 0, 12, 0, 6, 0 ], [ 1, 8, 1, 4, 4 ], [ 0, 9, 0, 9, 0 ] ], 
  [ [ 0, 0, 0, 0, 8 ], [ 0, 4, 0, 4, 0 ], [ 0, 0, 0, 0, 8 ], [ 0, 4, 0, 4, 0 ], [ 1, 0, 3, 0, 4 ] ] ]

