 degree:20
 order:48
[ 20, 3, 4, 20 ][ 20, 0, 9 ][ 0, 0 ][ 4 ][ 0, 0 ][ 0 ][ 0 ]

minimal polynomial:[ x-20, x-8, x, x+4, x+10 ]x^2-2*x-3
x^3-16*x
x^5-18*x^4-128*x^3+1440*x^2+6400*x

 SITAs:
[ [ [ 1, 0, 0, 0, 0 ], [ 0, 1, 0, 0, 0 ], [ 0, 0, 1, 0, 0 ], [ 0, 0, 0, 1, 0 ], [ 0, 0, 0, 0, 1 ] ], 
  [ [ 0, 20, 0, 0, 0 ], [ 1, 7, 3, 0, 9 ], [ 0, 20, 0, 0, 0 ], [ 0, 0, 0, 0, 20 ], [ 0, 9, 0, 4, 7 ] ], 
  [ [ 0, 0, 3, 0, 0 ], [ 0, 3, 0, 0, 0 ], [ 1, 0, 2, 0, 0 ], [ 0, 0, 0, 3, 0 ], [ 0, 0, 0, 0, 3 ] ], 
  [ [ 0, 0, 0, 4, 0 ], [ 0, 0, 0, 0, 4 ], [ 0, 0, 0, 4, 0 ], [ 1, 0, 3, 0, 0 ], [ 0, 4, 0, 0, 0 ] ], 
  [ [ 0, 0, 0, 0, 20 ], [ 0, 9, 0, 4, 7 ], [ 0, 0, 0, 0, 20 ], [ 0, 20, 0, 0, 0 ], [ 1, 7, 3, 0, 9 ] ] ]

