 degree:10
 order:56
[10, 15, 15, 15 ][ 4, 2, 0, 4, 2, 4 ]

minimal polynomial:[ x-10, x-4, x, x+4, x+6 ]
[ x-15, x-7, x-2, x+2, x+6 ]
[ x-15, x+1 ]
[ x-15, x-2, x+1, x+6 ]

 SITA:
[ [ [ 1, 0, 0, 0, 0 ], [ 0, 1, 0, 0, 0 ], [ 0, 0, 1, 0, 0 ], [ 0, 0, 0, 1, 0 ], [ 0, 0, 0, 0, 1 ] ],
  [ [ 0, 10, 0, 0, 0 ], [ 1, 0, 6, 3, 0 ], [ 0, 4, 0, 4, 2 ], [ 0, 2, 4, 0, 4 ], [ 0, 0, 2, 4, 4 ] ],
  [ [ 0, 0, 15, 0, 0 ], [ 0, 6, 0, 6, 3 ], [ 1, 0, 6, 5, 3 ], [ 0, 4, 5, 0, 6 ], [ 0, 2, 3, 6, 4 ] ],
  [ [ 0, 0, 0, 15, 0 ], [ 0, 3, 6, 0, 6 ], [ 0, 4, 5, 0, 6 ], [ 1, 0, 0, 14, 0 ], [ 0, 4, 6, 0, 5 ] ]
    , [ [ 0, 0, 0, 0, 15 ], [ 0, 0, 3, 6, 6 ], [ 0, 2, 3, 6, 4 ], [ 0, 4, 6, 0, 5 ],
      [ 1, 4, 4, 5, 1 ] ] ]



