 degree:6
 order:70
[ 6, 18, 9, 36 ][ 1, 0, 0, 2, 1, 1 ]

minimal polynomial:[ x-6, x-4, x-1, x+1, x+2 ]
[ x-18, x-2, x+3, x+7 ]
[ x-9, x+1 ]
[ x-36, x-6, x, x+6 ]

 SITA:
[ [ [ 1, 0, 0, 0, 0 ], [ 0, 1, 0, 0, 0 ], [ 0, 0, 1, 0, 0 ], [ 0, 0, 0, 1, 0 ], [ 0, 0, 0, 0, 1 ] ],
  [ [ 0, 6, 0, 0, 0 ], [ 1, 2, 3, 0, 0 ], [ 0, 1, 2, 1, 2 ], [ 0, 0, 2, 0, 4 ], [ 0, 0, 1, 1, 4 ] ],
  [ [ 0, 0, 18, 0, 0 ], [ 0, 3, 6, 3, 6 ], [ 1, 2, 1, 2, 12 ], [ 0, 2, 4, 0, 12 ], [ 0, 1, 6, 3, 8 ] ],
  [ [ 0, 0, 0, 9, 0 ], [ 0, 0, 3, 0, 6 ], [ 0, 1, 2, 0, 6 ], [ 1, 0, 0, 8, 0 ], [ 0, 1, 3, 0, 5 ] ],
  [ [ 0, 0, 0, 0, 36 ], [ 0, 0, 6, 6, 24 ], [ 0, 2, 12, 6, 16 ], [ 0, 4, 12, 0, 20 ], [ 1, 4, 8, 5, 18 ] ] ]