 degree:15
 order:50
[ 15, 9, 10, 15 ][ 15, 0, 5 ][ 0, 0 ][ 10 ][ 0, 0 ][ 0 ][ 0 ]

minimal polynomial:[ x-15, x-10, x, x+10, x+15 ]x^2-8*x-9
x^3-100*x
x^3-5*x^2-150*x

 SITAs:
[ [ [ 1, 0, 0, 0, 0 ], [ 0, 1, 0, 0, 0 ], [ 0, 0, 1, 0, 0 ], [ 0, 0, 0, 1, 0 ], [ 0, 0, 0, 0, 1 ] ], 
  [ [ 0, 15, 0, 0, 0 ], [ 1, 0, 9, 0, 5 ], [ 0, 15, 0, 0, 0 ], [ 0, 0, 0, 0, 15 ], [ 0, 5, 0, 10, 0 ] ], 
  [ [ 0, 0, 9, 0, 0 ], [ 0, 9, 0, 0, 0 ], [ 1, 0, 8, 0, 0 ], [ 0, 0, 0, 9, 0 ], [ 0, 0, 0, 0, 9 ] ], 
  [ [ 0, 0, 0, 10, 0 ], [ 0, 0, 0, 0, 10 ], [ 0, 0, 0, 10, 0 ], [ 1, 0, 9, 0, 0 ], [ 0, 10, 0, 0, 0 ] ], 
  [ [ 0, 0, 0, 0, 15 ], [ 0, 5, 0, 10, 0 ], [ 0, 0, 0, 0, 15 ], [ 0, 15, 0, 0, 0 ], [ 1, 0, 9, 0, 5 ] ] ]

