 degree:4
 order:20
[ 4, 6, 3, 6 ][ 2, 0, 0, 0, 2, 2 ]

minimal polynomial:[ x-4, x, x+4, x^2-6 ]
 Galois type:1

 minimal polynomial of other basis elements:
 x^3-5*x^2-8*x+12
x^3-2*x^2-5*x+6
x^5-42*x^3+216*x

 SITA:
[ [ [ 1, 0, 0, 0, 0 ], [ 0, 1, 0, 0, 0 ], [ 0, 0, 1, 0, 0 ], 
      [ 0, 0, 0, 1, 0 ], [ 0, 0, 0, 0, 1 ] ], 
  [ [ 0, 4, 0, 0, 0 ], [ 1, 0, 3, 0, 0 ], [ 0, 2, 0, 0, 2 ], 
      [ 0, 0, 0, 0, 4 ], [ 0, 0, 2, 2, 0 ] ], 
  [ [ 0, 0, 6, 0, 0 ], [ 0, 3, 0, 0, 3 ], [ 1, 0, 3, 2, 0 ], 
      [ 0, 0, 4, 2, 0 ], [ 0, 2, 0, 0, 4 ] ], 
  [ [ 0, 0, 0, 3, 0 ], [ 0, 0, 0, 0, 3 ], [ 0, 0, 2, 1, 0 ], 
      [ 1, 0, 2, 0, 0 ], [ 0, 2, 0, 0, 1 ] ], 
  [ [ 0, 0, 0, 0, 6 ], [ 0, 0, 3, 3, 0 ], [ 0, 2, 0, 0, 4 ], 
      [ 0, 4, 0, 0, 2 ], [ 1, 0, 4, 1, 0 ] ] ]


 P-polynomial


