 degree:5
 Order:42
[ 5, 1, 15, 20 ][ 5, 1, 0, 0, 0, 3 ]

minimal polynomial:[ x-5, x-3, x, x+2, x+4 ]
[ x-1, x+1 ]
[ x-15, x-6, x, x+1, x+6 ]
[ x-20, x-6, x, x+4 ]

 SITA:
[ [ [ 1, 0, 0, 0, 0 ], [ 0, 1, 0, 0, 0 ], [ 0, 0, 1, 0, 0 ], [ 0, 0, 0, 1, 0 ], [ 0, 0, 0, 0, 1 ] ],
  [ [ 0, 5, 0, 0, 0 ], [ 1, 0, 1, 3, 0 ], [ 0, 5, 0, 0, 0 ], [ 0, 1, 0, 0, 4 ], [ 0, 0, 0, 3, 2 ] ],
  [ [ 0, 0, 1, 0, 0 ], [ 0, 1, 0, 0, 0 ], [ 1, 0, 0, 0, 0 ], [ 0, 0, 0, 1, 0 ], [ 0, 0, 0, 0, 1 ] ],
  [ [ 0, 0, 0, 15, 0 ], [ 0, 3, 0, 0, 12 ], [ 0, 0, 0, 15, 0 ], [ 1, 0, 1, 5, 8 ], [ 0, 3, 0, 6, 6 ] ],
  [ [ 0, 0, 0, 0, 20 ], [ 0, 0, 0, 12, 8 ], [ 0, 0, 0, 0, 20 ], [ 0, 4, 0, 8, 8 ], [ 1, 2, 1, 6, 10 ] ] ]
