 degree:14
 order:40
[ 14, 4, 7, 14 ][ 14, 2, 6 ][ 0, 0 ][ 6 ][ 0, 0 ][ 0 ][ 0 ]

minimal polynomial:[ x-14, x-6, x, x+6, x+10 ]x^2-3*x-4
x^3-2*x^2-35*x
x^4-18*x^3-4*x^2+840*x

 SITAs:
[ [ [ 1, 0, 0, 0, 0 ], [ 0, 1, 0, 0, 0 ], [ 0, 0, 1, 0, 0 ], [ 0, 0, 0, 1, 0 ], [ 0, 0, 0, 0, 1 ] ], 
  [ [ 0, 14, 0, 0, 0 ], [ 1, 2, 4, 1, 6 ], [ 0, 14, 0, 0, 0 ], [ 0, 2, 0, 0, 12 ], [ 0, 6, 0, 6, 2 ] ], 
  [ [ 0, 0, 4, 0, 0 ], [ 0, 4, 0, 0, 0 ], [ 1, 0, 3, 0, 0 ], [ 0, 0, 0, 4, 0 ], [ 0, 0, 0, 0, 4 ] ], 
  [ [ 0, 0, 0, 7, 0 ], [ 0, 1, 0, 0, 6 ], [ 0, 0, 0, 7, 0 ], [ 1, 0, 4, 2, 0 ], [ 0, 6, 0, 0, 1 ] ], 
  [ [ 0, 0, 0, 0, 14 ], [ 0, 6, 0, 6, 2 ], [ 0, 0, 0, 0, 14 ], [ 0, 12, 0, 0, 2 ], [ 1, 2, 4, 1, 6 ] ] ]

