 degree:18
 order:40
[ 18, 3, 6, 12 ][ 18, 6, 12 ][ 0, 0 ][ 6 ][ 0, 0 ][ 0 ][ 0 ]

minimal polynomial:[ x-18, x-4, x, x+6, x+12 ]x^2-2*x-3
x^3-2*x^2-24*x
x^3-8*x^2-48*x

 SITAs:
[ [ [ 1, 0, 0, 0, 0 ], [ 0, 1, 0, 0, 0 ], [ 0, 0, 1, 0, 0 ], [ 0, 0, 0, 1, 0 ], [ 0, 0, 0, 0, 1 ] ], 
  [ [ 0, 18, 0, 0, 0 ], [ 1, 4, 3, 2, 8 ], [ 0, 18, 0, 0, 0 ], [ 0, 6, 0, 0, 12 ], [ 0, 12, 0, 6, 0 ] ], 
  [ [ 0, 0, 3, 0, 0 ], [ 0, 3, 0, 0, 0 ], [ 1, 0, 2, 0, 0 ], [ 0, 0, 0, 3, 0 ], [ 0, 0, 0, 0, 3 ] ], 
  [ [ 0, 0, 0, 6, 0 ], [ 0, 2, 0, 0, 4 ], [ 0, 0, 0, 6, 0 ], [ 1, 0, 3, 2, 0 ], [ 0, 6, 0, 0, 0 ] ], 
  [ [ 0, 0, 0, 0, 12 ], [ 0, 8, 0, 4, 0 ], [ 0, 0, 0, 0, 12 ], [ 0, 12, 0, 0, 0 ], [ 1, 0, 3, 0, 8 ] ] ]

