 degree:10
 order:30
[ 10, 8, 1, 10 ][ 5, 0, 1 ][ 0, 4 ][ 1 ][ 8, 0 ][ 0 ][ 0 ]

minimal polynomial:[ x-10, x-5, x, x+2, x+5 ]x^3-6*x^2-16*x
x^2-1
x^4-7*x^3-40*x^2+100*x

 SITAs:
[ [ [ 1, 0, 0, 0, 0 ], [ 0, 1, 0, 0, 0 ], [ 0, 0, 1, 0, 0 ], [ 0, 0, 0, 1, 0 ], [ 0, 0, 0, 0, 1 ] ], 
  [ [ 0, 10, 0, 0, 0 ], [ 1, 4, 4, 0, 1 ], [ 0, 5, 0, 0, 5 ], [ 0, 0, 0, 0, 10 ], [ 0, 1, 4, 1, 4 ] ], 
  [ [ 0, 0, 8, 0, 0 ], [ 0, 4, 0, 0, 4 ], [ 1, 0, 6, 1, 0 ], [ 0, 0, 8, 0, 0 ], [ 0, 4, 0, 0, 4 ] ], 
  [ [ 0, 0, 0, 1, 0 ], [ 0, 0, 0, 0, 1 ], [ 0, 0, 1, 0, 0 ], [ 1, 0, 0, 0, 0 ], [ 0, 1, 0, 0, 0 ] ], 
  [ [ 0, 0, 0, 0, 10 ], [ 0, 1, 4, 1, 4 ], [ 0, 5, 0, 0, 5 ], [ 0, 10, 0, 0, 0 ], [ 1, 4, 4, 0, 1 ] ] ]

