 degree:15
 order:48
[ 15, 2, 10, 20 ][ 15, 0, 6 ][ 0, 0 ][ 6 ][ 0, 0 ][ 0 ][ 2 ]

minimal polynomial:[ x-15, x-7, x, x+3, x+9 ]x^2-x-2
x^4-8*x^3-44*x^2+240*x
x^4-28*x^3+112*x^2+960*x

 SITAs:
[ [ [ 1, 0, 0, 0, 0 ], [ 0, 1, 0, 0, 0 ], [ 0, 0, 1, 0, 0 ], [ 0, 0, 0, 1, 0 ], [ 0, 0, 0, 0, 1 ] ], 
  [ [ 0, 15, 0, 0, 0 ], [ 1, 4, 2, 0, 8 ], [ 0, 15, 0, 0, 0 ], [ 0, 0, 0, 3, 12 ], [ 0, 6, 0, 6, 3 ] ], 
  [ [ 0, 0, 2, 0, 0 ], [ 0, 2, 0, 0, 0 ], [ 1, 0, 1, 0, 0 ], [ 0, 0, 0, 2, 0 ], [ 0, 0, 0, 0, 2 ] ], 
  [ [ 0, 0, 0, 10, 0 ], [ 0, 0, 0, 2, 8 ], [ 0, 0, 0, 10, 0 ], [ 1, 3, 2, 0, 4 ], [ 0, 6, 0, 2, 2 ] ], 
  [ [ 0, 0, 0, 0, 20 ], [ 0, 8, 0, 8, 4 ], [ 0, 0, 0, 0, 20 ], [ 0, 12, 0, 4, 4 ], [ 1, 3, 2, 2, 12 ] ] ]

