 degree:18
 order:50
[ 18, 1, 15, 15 ][ 18, 6, 12 ][ 0, 0 ][ 6 ][ 0, 0 ][ 0 ][ 3 ]

minimal polynomial:[ x-18, x-3, x, x+2, x+12 ]x^2-1
x^4-15*x^3-25*x^2+375*x
x^4-20*x^3+25*x^2+750*x

 SITAs:
[ [ [ 1, 0, 0, 0, 0 ], [ 0, 1, 0, 0, 0 ], [ 0, 0, 1, 0, 0 ], [ 0, 0, 0, 1, 0 ], [ 0, 0, 0, 0, 1 ] ], 
  [ [ 0, 18, 0, 0, 0 ], [ 1, 1, 1, 5, 10 ], [ 0, 18, 0, 0, 0 ], [ 0, 6, 0, 6, 6 ], [ 0, 12, 0, 6, 0 ] ], 
  [ [ 0, 0, 1, 0, 0 ], [ 0, 1, 0, 0, 0 ], [ 1, 0, 0, 0, 0 ], [ 0, 0, 0, 1, 0 ], [ 0, 0, 0, 0, 1 ] ], 
  [ [ 0, 0, 0, 15, 0 ], [ 0, 5, 0, 5, 5 ], [ 0, 0, 0, 15, 0 ], [ 1, 6, 1, 4, 3 ], [ 0, 6, 0, 3, 6 ] ], 
  [ [ 0, 0, 0, 0, 15 ], [ 0, 10, 0, 5, 0 ], [ 0, 0, 0, 0, 15 ], [ 0, 6, 0, 3, 6 ], [ 1, 0, 1, 6, 7 ] ] ]

