 degree:6
 order:18
[ 6, 2, 3, 6 ][ 3, 0, 4, 2, 0, 2 ]

minimal polynomial:[ x-6, x, x+6, x^2-3 ]
 Galois type:1

 minimal polynomial of other basis elements:
 x^2-x-2
x^5-12*x^3+27*x
x^3-3*x^2-18*x

 SITA:
[ [ [ 1, 0, 0, 0, 0 ], [ 0, 1, 0, 0, 0 ], [ 0, 0, 1, 0, 0 ], [ 0, 0, 0, 1, 0 ], [ 0, 0, 0, 0, 1 ] ], [ [ 0, 6, 0, 0, 0 ], [ 1, 0, 1, 0, 4 ], [ 0, 3, 0, 3, 0 ], [ 0, 0, 2, 0, 4 ], [ 0, 4, 0, 2, 0 ] ], 
  [ [ 0, 0, 2, 0, 0 ], [ 0, 1, 0, 1, 0 ], [ 1, 0, 1, 0, 0 ], [ 0, 2, 0, 0, 0 ], [ 0, 0, 0, 0, 2 ] ], [ [ 0, 0, 0, 3, 0 ], [ 0, 0, 1, 0, 2 ], [ 0, 3, 0, 0, 0 ], [ 1, 0, 0, 0, 2 ], [ 0, 2, 0, 1, 0 ] ], 
  [ [ 0, 0, 0, 0, 6 ], [ 0, 4, 0, 2, 0 ], [ 0, 0, 0, 0, 6 ], [ 0, 4, 0, 2, 0 ], [ 1, 0, 2, 0, 3 ] ] ]


 Q-polynomial


