 degree:21
 order:48
[ 21, 2, 3, 21 ][ 21, 0, 18 ][ 0, 0 ][ 3 ][ 0, 0 ][ 0 ][ 0 ]

minimal polynomial:[ x-21, x-3, x, x+3, x+21 ]x^2-x-2
x^3-9*x
x^3-18*x^2-63*x

 SITAs:
[ [ [ 1, 0, 0, 0, 0 ], [ 0, 1, 0, 0, 0 ], [ 0, 0, 1, 0, 0 ], [ 0, 0, 0, 1, 0 ], [ 0, 0, 0, 0, 1 ] ], 
  [ [ 0, 21, 0, 0, 0 ], [ 1, 0, 2, 0, 18 ], [ 0, 21, 0, 0, 0 ], [ 0, 0, 0, 0, 21 ], [ 0, 18, 0, 3, 0 ] ], 
  [ [ 0, 0, 2, 0, 0 ], [ 0, 2, 0, 0, 0 ], [ 1, 0, 1, 0, 0 ], [ 0, 0, 0, 2, 0 ], [ 0, 0, 0, 0, 2 ] ], 
  [ [ 0, 0, 0, 3, 0 ], [ 0, 0, 0, 0, 3 ], [ 0, 0, 0, 3, 0 ], [ 1, 0, 2, 0, 0 ], [ 0, 3, 0, 0, 0 ] ], 
  [ [ 0, 0, 0, 0, 21 ], [ 0, 18, 0, 3, 0 ], [ 0, 0, 0, 0, 21 ], [ 0, 21, 0, 0, 0 ], [ 1, 0, 2, 0, 18 ] ] ]

