 degree:15
 order:50
[ 15, 4, 15, 15 ][ 15, 0, 5 ][ 0, 0 ][ 10 ][ 0, 0 ][ 0 ][ 5 ]

minimal polynomial:[ x-15, x-10, x, x+5, x+10 ]x^2-3*x-4
x^4-10*x^3-125*x^2+750*x
x^3-10*x^2-75*x

 SITAs:
[ [ [ 1, 0, 0, 0, 0 ], [ 0, 1, 0, 0, 0 ], [ 0, 0, 1, 0, 0 ], [ 0, 0, 0, 1, 0 ], [ 0, 0, 0, 0, 1 ] ], 
  [ [ 0, 15, 0, 0, 0 ], [ 1, 5, 4, 0, 5 ], [ 0, 15, 0, 0, 0 ], [ 0, 0, 0, 5, 10 ], [ 0, 5, 0, 10, 0 ] ], 
  [ [ 0, 0, 4, 0, 0 ], [ 0, 4, 0, 0, 0 ], [ 1, 0, 3, 0, 0 ], [ 0, 0, 0, 4, 0 ], [ 0, 0, 0, 0, 4 ] ], 
  [ [ 0, 0, 0, 15, 0 ], [ 0, 0, 0, 5, 10 ], [ 0, 0, 0, 15, 0 ], [ 1, 5, 4, 0, 5 ], [ 0, 10, 0, 5, 0 ] ], 
  [ [ 0, 0, 0, 0, 15 ], [ 0, 5, 0, 10, 0 ], [ 0, 0, 0, 0, 15 ], [ 0, 10, 0, 5, 0 ], [ 1, 0, 4, 0, 10 ] ] ]

