 degree:9
 order:40
[ 9, 9, 3, 18 ][ 4, 0, 0, 3, 1, 1 ]

minimal polynomial:[ x-9, x-7, x-1, x+1, x+3 ]
[ x-9, x-3, x+1, x+3 ]
[ x-3, x+1 ]
[ x-18, x-2, x, x+2, x+10 ]

 SITA:
[ [ [ 1, 0, 0, 0, 0 ], [ 0, 1, 0, 0, 0 ], [ 0, 0, 1, 0, 0 ], [ 0, 0, 0, 1, 0 ], [ 0, 0, 0, 0, 1 ] ],
  [ [ 0, 9, 0, 0, 0 ], [ 1, 4, 4, 0, 0 ], [ 0, 4, 2, 1, 2 ], [ 0, 0, 3, 0, 6 ], [ 0, 0, 1, 1, 7 ] ],
  [ [ 0, 0, 9, 0, 0 ], [ 0, 4, 2, 1, 2 ], [ 1, 2, 2, 0, 4 ], [ 0, 3, 0, 0, 6 ], [ 0, 1, 2, 1, 5 ] ],
  [ [ 0, 0, 0, 3, 0 ], [ 0, 0, 1, 0, 2 ], [ 0, 1, 0, 0, 2 ], [ 1, 0, 0, 2, 0 ], [ 0, 1, 1, 0, 1 ] ],
  [ [ 0, 0, 0, 0, 18 ], [ 0, 0, 2, 2, 14 ], [ 0, 2, 4, 2, 10 ], [ 0, 6, 6, 0, 6 ], [ 1, 7, 5, 1, 4 ]
     ] ]
