 degree:6
 order:40
[ 6, 1, 8, 24 ][ 6, 0, 1 ][ 0, 0 ][ 2 ][ 0, 0 ][ 0 ][ 0 ]

minimal polynomial:[ x-6, x-3, x, x+2, x+4 ]x^2-1
x^3-6*x^2-16*x
x^5-17*x^4-188*x^3+384*x^2+2304*x

 SITAs:
[ [ [ 1, 0, 0, 0, 0 ], [ 0, 1, 0, 0, 0 ], [ 0, 0, 1, 0, 0 ], [ 0, 0, 0, 1, 0 ], [ 0, 0, 0, 0, 1 ] ], 
  [ [ 0, 6, 0, 0, 0 ], [ 1, 0, 1, 0, 4 ], [ 0, 6, 0, 0, 0 ], [ 0, 0, 0, 0, 6 ], [ 0, 1, 0, 2, 3 ] ], 
  [ [ 0, 0, 1, 0, 0 ], [ 0, 1, 0, 0, 0 ], [ 1, 0, 0, 0, 0 ], [ 0, 0, 0, 1, 0 ], [ 0, 0, 0, 0, 1 ] ], 
  [ [ 0, 0, 0, 8, 0 ], [ 0, 0, 0, 0, 8 ], [ 0, 0, 0, 8, 0 ], [ 1, 0, 1, 6, 0 ], [ 0, 2, 0, 0, 6 ] ], 
  [ [ 0, 0, 0, 0, 24 ], [ 0, 4, 0, 8, 12 ], [ 0, 0, 0, 0, 24 ], [ 0, 6, 0, 0, 18 ], [ 1, 3, 1, 6, 13 ] ] ]

