 degree:18
 order:42
[ 18, 2, 3, 18 ][ 18, 0, 15 ][ 0, 0 ][ 3 ][ 0, 0 ][ 0 ][ 0 ]

minimal polynomial:[ x-18, x-3, x, x+3, x+18 ]x^2-x-2
x^3-9*x
x^3-15*x^2-54*x

 SITAs:
[ [ [ 1, 0, 0, 0, 0 ], [ 0, 1, 0, 0, 0 ], [ 0, 0, 1, 0, 0 ], [ 0, 0, 0, 1, 0 ], [ 0, 0, 0, 0, 1 ] ], 
  [ [ 0, 18, 0, 0, 0 ], [ 1, 0, 2, 0, 15 ], [ 0, 18, 0, 0, 0 ], [ 0, 0, 0, 0, 18 ], [ 0, 15, 0, 3, 0 ] ], 
  [ [ 0, 0, 2, 0, 0 ], [ 0, 2, 0, 0, 0 ], [ 1, 0, 1, 0, 0 ], [ 0, 0, 0, 2, 0 ], [ 0, 0, 0, 0, 2 ] ], 
  [ [ 0, 0, 0, 3, 0 ], [ 0, 0, 0, 0, 3 ], [ 0, 0, 0, 3, 0 ], [ 1, 0, 2, 0, 0 ], [ 0, 3, 0, 0, 0 ] ], 
  [ [ 0, 0, 0, 0, 18 ], [ 0, 15, 0, 3, 0 ], [ 0, 0, 0, 0, 18 ], [ 0, 18, 0, 0, 0 ], [ 1, 0, 2, 0, 15 ] ] ]

