 degree:20
 order:48
[ 20, 2, 5, 20 ][ 20, 4, 12 ][ 0, 0 ][ 4 ][ 0, 0 ][ 0 ][ 0 ]

minimal polynomial:[ x-20, x-4, x, x+4, x+12 ]x^2-x-2
x^3-2*x^2-15*x
x^4-28*x^3+112*x^2+960*x

 SITAs:
[ [ [ 1, 0, 0, 0, 0 ], [ 0, 1, 0, 0, 0 ], [ 0, 0, 1, 0, 0 ], [ 0, 0, 0, 1, 0 ], [ 0, 0, 0, 0, 1 ] ], 
  [ [ 0, 20, 0, 0, 0 ], [ 1, 4, 2, 1, 12 ], [ 0, 20, 0, 0, 0 ], [ 0, 4, 0, 0, 16 ], [ 0, 12, 0, 4, 4 ] ], 
  [ [ 0, 0, 2, 0, 0 ], [ 0, 2, 0, 0, 0 ], [ 1, 0, 1, 0, 0 ], [ 0, 0, 0, 2, 0 ], [ 0, 0, 0, 0, 2 ] ], 
  [ [ 0, 0, 0, 5, 0 ], [ 0, 1, 0, 0, 4 ], [ 0, 0, 0, 5, 0 ], [ 1, 0, 2, 2, 0 ], [ 0, 4, 0, 0, 1 ] ], 
  [ [ 0, 0, 0, 0, 20 ], [ 0, 12, 0, 4, 4 ], [ 0, 0, 0, 0, 20 ], [ 0, 16, 0, 0, 4 ], [ 1, 4, 2, 1, 12 ] ] ]

