 degree:15
 order:40
[ 15, 4, 5, 15 ][ 15, 0, 10 ][ 0, 0 ][ 5 ][ 0, 0 ][ 0 ][ 0 ]

minimal polynomial:[ x-15, x-5, x, x+5, x+15 ]x^2-3*x-4
x^3-25*x
x^3-10*x^2-75*x

 SITAs:
[ [ [ 1, 0, 0, 0, 0 ], [ 0, 1, 0, 0, 0 ], [ 0, 0, 1, 0, 0 ], [ 0, 0, 0, 1, 0 ], [ 0, 0, 0, 0, 1 ] ], 
  [ [ 0, 15, 0, 0, 0 ], [ 1, 0, 4, 0, 10 ], [ 0, 15, 0, 0, 0 ], [ 0, 0, 0, 0, 15 ], [ 0, 10, 0, 5, 0 ] ], 
  [ [ 0, 0, 4, 0, 0 ], [ 0, 4, 0, 0, 0 ], [ 1, 0, 3, 0, 0 ], [ 0, 0, 0, 4, 0 ], [ 0, 0, 0, 0, 4 ] ], 
  [ [ 0, 0, 0, 5, 0 ], [ 0, 0, 0, 0, 5 ], [ 0, 0, 0, 5, 0 ], [ 1, 0, 4, 0, 0 ], [ 0, 5, 0, 0, 0 ] ], 
  [ [ 0, 0, 0, 0, 15 ], [ 0, 10, 0, 5, 0 ], [ 0, 0, 0, 0, 15 ], [ 0, 15, 0, 0, 0 ], [ 1, 0, 4, 0, 10 ] ] ]

