 degree:4
 order:17
[ 4, 4, 4, 4 ][ 1, 2, 0, 1, 1, 1 ]

minimal polynomial:[ x-4, x^4+x^3-6*x^2-x+1 ]
 Galois type:1

 minimal polynomial of other basis elements:
 x^5-3*x^4-10*x^3+23*x^2+5*x-4
x^5-3*x^4-10*x^3+23*x^2+5*x-4
x^5-3*x^4-10*x^3+23*x^2+5*x-4

 SITA:
[ [ [ 1, 0, 0, 0, 0 ], [ 0, 1, 0, 0, 0 ], [ 0, 0, 1, 0, 0 ], [ 0, 0, 0, 1, 0 ], [ 0, 0, 0, 0, 1 ] ], [ [ 0, 4, 0, 0, 0 ], [ 1, 0, 1, 2, 0 ], [ 0, 1, 1, 1, 1 ], [ 0, 2, 1, 0, 1 ], [ 0, 0, 1, 1, 2 ] ], 
  [ [ 0, 0, 4, 0, 0 ], [ 0, 1, 1, 1, 1 ], [ 1, 1, 0, 0, 2 ], [ 0, 1, 0, 2, 1 ], [ 0, 1, 2, 1, 0 ] ], [ [ 0, 0, 0, 4, 0 ], [ 0, 2, 1, 0, 1 ], [ 0, 1, 0, 2, 1 ], [ 1, 0, 2, 0, 1 ], [ 0, 1, 1, 1, 1 ] ], 
  [ [ 0, 0, 0, 0, 4 ], [ 0, 0, 1, 1, 2 ], [ 0, 1, 2, 1, 0 ], [ 0, 1, 1, 1, 1 ], [ 1, 2, 0, 1, 0 ] ] ]

