 degree:16
 order:36
[ 16, 1, 2, 16 ][ 16, 0, 14 ][ 0, 0 ][ 2 ][ 0, 0 ][ 0 ][ 0 ]

minimal polynomial:[ x-16, x-2, x, x+2, x+16 ]x^2-1
x^3-4*x
x^3-14*x^2-32*x

 SITAs:
[ [ [ 1, 0, 0, 0, 0 ], [ 0, 1, 0, 0, 0 ], [ 0, 0, 1, 0, 0 ], [ 0, 0, 0, 1, 0 ], [ 0, 0, 0, 0, 1 ] ], 
  [ [ 0, 16, 0, 0, 0 ], [ 1, 0, 1, 0, 14 ], [ 0, 16, 0, 0, 0 ], [ 0, 0, 0, 0, 16 ], [ 0, 14, 0, 2, 0 ] ], 
  [ [ 0, 0, 1, 0, 0 ], [ 0, 1, 0, 0, 0 ], [ 1, 0, 0, 0, 0 ], [ 0, 0, 0, 1, 0 ], [ 0, 0, 0, 0, 1 ] ], 
  [ [ 0, 0, 0, 2, 0 ], [ 0, 0, 0, 0, 2 ], [ 0, 0, 0, 2, 0 ], [ 1, 0, 1, 0, 0 ], [ 0, 2, 0, 0, 0 ] ], 
  [ [ 0, 0, 0, 0, 16 ], [ 0, 14, 0, 2, 0 ], [ 0, 0, 0, 0, 16 ], [ 0, 16, 0, 0, 0 ], [ 1, 0, 1, 0, 14 ] ] ]

