 degree:10
 order:30
[ 10, 4, 5, 10 ][ 10, 0, 5 ][ 0, 0 ][ 5 ][ 0, 0 ][ 0 ][ 0 ]

minimal polynomial:[ x-10, x-5, x, x+5, x+10 ]x^2-3*x-4
x^3-25*x
x^3-5*x^2-50*x

 SITAs:
[ [ [ 1, 0, 0, 0, 0 ], [ 0, 1, 0, 0, 0 ], [ 0, 0, 1, 0, 0 ], [ 0, 0, 0, 1, 0 ], [ 0, 0, 0, 0, 1 ] ], 
  [ [ 0, 10, 0, 0, 0 ], [ 1, 0, 4, 0, 5 ], [ 0, 10, 0, 0, 0 ], [ 0, 0, 0, 0, 10 ], [ 0, 5, 0, 5, 0 ] ], 
  [ [ 0, 0, 4, 0, 0 ], [ 0, 4, 0, 0, 0 ], [ 1, 0, 3, 0, 0 ], [ 0, 0, 0, 4, 0 ], [ 0, 0, 0, 0, 4 ] ], 
  [ [ 0, 0, 0, 5, 0 ], [ 0, 0, 0, 0, 5 ], [ 0, 0, 0, 5, 0 ], [ 1, 0, 4, 0, 0 ], [ 0, 5, 0, 0, 0 ] ], 
  [ [ 0, 0, 0, 0, 10 ], [ 0, 5, 0, 5, 0 ], [ 0, 0, 0, 0, 10 ], [ 0, 10, 0, 0, 0 ], [ 1, 0, 4, 0, 5 ] ] ]

