 degree:8
 order:42
[ 8, 1, 16, 16 ][ 8, 1, 2 ][ 0, 0 ][ 6 ][ 0, 0 ][ 0 ][ 10 ]

minimal polynomial:[ x-8, x-3, x, x+4, x+6 ]x^2-1
x^5-5*x^4-200*x^3+240*x^2+2304*x
x^3-14*x^2-32*x

 SITAs:
[ [ [ 1, 0, 0, 0, 0 ], [ 0, 1, 0, 0, 0 ], [ 0, 0, 1, 0, 0 ], [ 0, 0, 0, 1, 0 ], [ 0, 0, 0, 0, 1 ] ], 
  [ [ 0, 8, 0, 0, 0 ], [ 1, 0, 1, 2, 4 ], [ 0, 8, 0, 0, 0 ], [ 0, 1, 0, 1, 6 ], [ 0, 2, 0, 6, 0 ] ], 
  [ [ 0, 0, 1, 0, 0 ], [ 0, 1, 0, 0, 0 ], [ 1, 0, 0, 0, 0 ], [ 0, 0, 0, 1, 0 ], [ 0, 0, 0, 0, 1 ] ], 
  [ [ 0, 0, 0, 16, 0 ], [ 0, 2, 0, 2, 12 ], [ 0, 0, 0, 16, 0 ], [ 1, 1, 1, 3, 10 ], [ 0, 6, 0, 10, 0 ] ], 
  [ [ 0, 0, 0, 0, 16 ], [ 0, 4, 0, 12, 0 ], [ 0, 0, 0, 0, 16 ], [ 0, 6, 0, 10, 0 ], [ 1, 0, 1, 0, 14 ] ] ]

