 degree:18
 order:48
[ 18, 5, 6, 18 ][ 18, 0, 12 ][ 0, 0 ][ 6 ][ 0, 0 ][ 0 ][ 0 ]

minimal polynomial:[ x-18, x-6, x, x+6, x+18 ]x^2-4*x-5
x^3-36*x
x^3-12*x^2-108*x

 SITAs:
[ [ [ 1, 0, 0, 0, 0 ], [ 0, 1, 0, 0, 0 ], [ 0, 0, 1, 0, 0 ], [ 0, 0, 0, 1, 0 ], [ 0, 0, 0, 0, 1 ] ], 
  [ [ 0, 18, 0, 0, 0 ], [ 1, 0, 5, 0, 12 ], [ 0, 18, 0, 0, 0 ], [ 0, 0, 0, 0, 18 ], [ 0, 12, 0, 6, 0 ] ], 
  [ [ 0, 0, 5, 0, 0 ], [ 0, 5, 0, 0, 0 ], [ 1, 0, 4, 0, 0 ], [ 0, 0, 0, 5, 0 ], [ 0, 0, 0, 0, 5 ] ], 
  [ [ 0, 0, 0, 6, 0 ], [ 0, 0, 0, 0, 6 ], [ 0, 0, 0, 6, 0 ], [ 1, 0, 5, 0, 0 ], [ 0, 6, 0, 0, 0 ] ], 
  [ [ 0, 0, 0, 0, 18 ], [ 0, 12, 0, 6, 0 ], [ 0, 0, 0, 0, 18 ], [ 0, 18, 0, 0, 0 ], [ 1, 0, 5, 0, 12 ] ] ]

