 degree:8
 order:63
[ 8, 6, 24, 24 ][ 4, 1, 0, 1, 0, 3 ]

minimal polynomial:[ x-8, x-5, x-1, x+1, x+4 ]
[ x-6, x-3, x+1, x+3 ]
[ x-24, x-6, x, x+4 ]
[ x-24, x-3, x, x+3, x+9 ]

 SITA:
[ [ [ 1, 0, 0, 0, 0 ], [ 0, 1, 0, 0, 0 ], [ 0, 0, 1, 0, 0 ], [ 0, 0, 0, 1, 0 ], [ 0, 0, 0, 0, 1 ] ],
  [ [ 0, 8, 0, 0, 0 ], [ 1, 1, 3, 3, 0 ], [ 0, 4, 0, 4, 0 ], [ 0, 1, 1, 3, 3 ], [ 0, 0, 0, 3, 5 ] ],
  [ [ 0, 0, 6, 0, 0 ], [ 0, 3, 0, 3, 0 ], [ 1, 0, 1, 4, 0 ], [ 0, 1, 1, 1, 3 ], [ 0, 0, 0, 3, 3 ] ],
  [ [ 0, 0, 0, 24, 0 ], [ 0, 3, 3, 9, 9 ], [ 0, 4, 4, 4, 12 ], [ 1, 3, 1, 10, 9 ], [ 0, 3, 3, 9, 9 ]
     ], [ [ 0, 0, 0, 0, 24 ], [ 0, 0, 0, 9, 15 ], [ 0, 0, 0, 12, 12 ], [ 0, 3, 3, 9, 9 ],
      [ 1, 5, 3, 9, 6 ] ] ]
