 degree:12
 order:45
[ 12, 2, 6, 24 ][ 12, 0, 3 ][ 0, 0 ][ 3 ][ 0, 0 ][ 0 ][ 0 ]

minimal polynomial:[ x-12, x-6, x, x+3, x+6 ]x^2-x-2
x^3-3*x^2-18*x
x^4-24*x^3-36*x^2+864*x

 SITAs:
[ [ [ 1, 0, 0, 0, 0 ], [ 0, 1, 0, 0, 0 ], [ 0, 0, 1, 0, 0 ], [ 0, 0, 0, 1, 0 ], [ 0, 0, 0, 0, 1 ] ], 
  [ [ 0, 12, 0, 0, 0 ], [ 1, 3, 2, 0, 6 ], [ 0, 12, 0, 0, 0 ], [ 0, 0, 0, 0, 12 ], [ 0, 3, 0, 3, 6 ] ], 
  [ [ 0, 0, 2, 0, 0 ], [ 0, 2, 0, 0, 0 ], [ 1, 0, 1, 0, 0 ], [ 0, 0, 0, 2, 0 ], [ 0, 0, 0, 0, 2 ] ], 
  [ [ 0, 0, 0, 6, 0 ], [ 0, 0, 0, 0, 6 ], [ 0, 0, 0, 6, 0 ], [ 1, 0, 2, 3, 0 ], [ 0, 3, 0, 0, 3 ] ], 
  [ [ 0, 0, 0, 0, 24 ], [ 0, 6, 0, 6, 12 ], [ 0, 0, 0, 0, 24 ], [ 0, 12, 0, 0, 12 ], [ 1, 6, 2, 3, 12 ] ] ]

