 degree:10
 order:99
[ 10, 8, 40, 40 ][ 5, 1, 0, 1, 0, 4 ]

minimal polynomial:[ x-10, x-6, x-1, x+1, x+5 ]
[ x-8, x-4, x+1, x+3 ]
[ x-40, x-7, x, x+5 ]
[ x-40, x-4, x, x+4, x+11 ]
 SITA:
[ [ [ 1, 0, 0, 0, 0 ], [ 0, 1, 0, 0, 0 ], [ 0, 0, 1, 0, 0 ], [ 0, 0, 0, 1, 0 ], [ 0, 0, 0, 0, 1 ] ],
  [ [ 0, 10, 0, 0, 0 ], [ 1, 1, 4, 4, 0 ], [ 0, 5, 0, 5, 0 ], [ 0, 1, 1, 4, 4 ], [ 0, 0, 0, 4, 6 ] ],
  [ [ 0, 0, 8, 0, 0 ], [ 0, 4, 0, 4, 0 ], [ 1, 0, 2, 5, 0 ], [ 0, 1, 1, 2, 4 ], [ 0, 0, 0, 4, 4 ] ],
  [ [ 0, 0, 0, 40, 0 ], [ 0, 4, 4, 16, 16 ], [ 0, 5, 5, 10, 20 ], [ 1, 4, 2, 17, 16 ],
      [ 0, 4, 4, 16, 16 ] ], [ [ 0, 0, 0, 0, 40 ], [ 0, 0, 0, 16, 24 ], [ 0, 0, 0, 20, 20 ],
      [ 0, 4, 4, 16, 16 ], [ 1, 6, 4, 16, 13 ] ] ]