 degree:10
 order:112
[ 10, 1, 40, 60 ][ 10, 2, 0, 0, 0, 4 ]

minimal polynomial:[ x-10, x, x+6, x^2-4*x-4 ]1
[ x-1, x+1 ]
[ x-40, x-8, x, x^2+8*x-16 ]
[ x-60, x, x+4, x^2-72 ]

 SITA:
[ [ [ 1, 0, 0, 0, 0 ], [ 0, 1, 0, 0, 0 ], [ 0, 0, 1, 0, 0 ], [ 0, 0, 0, 1, 0 ], [ 0, 0, 0, 0, 1 ] ],
  [ [ 0, 10, 0, 0, 0 ], [ 1, 0, 1, 8, 0 ], [ 0, 10, 0, 0, 0 ], [ 0, 2, 0, 2, 6 ], [ 0, 0, 0, 4, 6 ] ]
    , [ [ 0, 0, 1, 0, 0 ], [ 0, 1, 0, 0, 0 ], [ 1, 0, 0, 0, 0 ], [ 0, 0, 0, 1, 0 ],
      [ 0, 0, 0, 0, 1 ] ],
  [ [ 0, 0, 0, 40, 0 ], [ 0, 8, 0, 8, 24 ], [ 0, 0, 0, 40, 0 ], [ 1, 2, 1, 12, 24 ],
      [ 0, 4, 0, 16, 20 ] ],
  [ [ 0, 0, 0, 0, 60 ], [ 0, 0, 0, 24, 36 ], [ 0, 0, 0, 0, 60 ], [ 0, 6, 0, 24, 30 ],
      [ 1, 6, 1, 20, 32 ] ] ]