 degree:4
 order:16
[ 4, 6, 1, 4 ][ 2, 0, 0, 0, 3, 1 ]

minimal polynomial:[ x-4, x-2, x, x+2, x+4 ]x^3-4*x^2-12*x
x^2-1
x^5-20*x^3+64*x

 SITA:
[ [ [ 1, 0, 0, 0, 0 ], [ 0, 1, 0, 0, 0 ], [ 0, 0, 1, 0, 0 ], 
      [ 0, 0, 0, 1, 0 ], [ 0, 0, 0, 0, 1 ] ], 
  [ [ 0, 4, 0, 0, 0 ], [ 1, 0, 3, 0, 0 ], [ 0, 2, 0, 0, 2 ], 
      [ 0, 0, 0, 0, 4 ], [ 0, 0, 3, 1, 0 ] ], 
  [ [ 0, 0, 6, 0, 0 ], [ 0, 3, 0, 0, 3 ], [ 1, 0, 4, 1, 0 ], 
      [ 0, 0, 6, 0, 0 ], [ 0, 3, 0, 0, 3 ] ], 
  [ [ 0, 0, 0, 1, 0 ], [ 0, 0, 0, 0, 1 ], [ 0, 0, 1, 0, 0 ], 
      [ 1, 0, 0, 0, 0 ], [ 0, 1, 0, 0, 0 ] ], 
  [ [ 0, 0, 0, 0, 4 ], [ 0, 0, 3, 1, 0 ], [ 0, 2, 0, 0, 2 ], 
      [ 0, 4, 0, 0, 0 ], [ 1, 0, 3, 0, 0 ] ] ]


 P-polynomial



 Q-polynomial


