 degree:20
 order:48
[ 20, 3, 4, 20 ][ 20, 0, 16 ][ 0, 0 ][ 4 ][ 0, 0 ][ 0 ][ 0 ]

minimal polynomial:[ x-20, x-4, x, x+4, x+20 ]x^2-2*x-3
x^3-16*x
x^3-16*x^2-80*x

 SITAs:
[ [ [ 1, 0, 0, 0, 0 ], [ 0, 1, 0, 0, 0 ], [ 0, 0, 1, 0, 0 ], [ 0, 0, 0, 1, 0 ], [ 0, 0, 0, 0, 1 ] ], 
  [ [ 0, 20, 0, 0, 0 ], [ 1, 0, 3, 0, 16 ], [ 0, 20, 0, 0, 0 ], [ 0, 0, 0, 0, 20 ], [ 0, 16, 0, 4, 0 ] ], 
  [ [ 0, 0, 3, 0, 0 ], [ 0, 3, 0, 0, 0 ], [ 1, 0, 2, 0, 0 ], [ 0, 0, 0, 3, 0 ], [ 0, 0, 0, 0, 3 ] ], 
  [ [ 0, 0, 0, 4, 0 ], [ 0, 0, 0, 0, 4 ], [ 0, 0, 0, 4, 0 ], [ 1, 0, 3, 0, 0 ], [ 0, 4, 0, 0, 0 ] ], 
  [ [ 0, 0, 0, 0, 20 ], [ 0, 16, 0, 4, 0 ], [ 0, 0, 0, 0, 20 ], [ 0, 20, 0, 0, 0 ], [ 1, 0, 3, 0, 16 ] ] ]

