 degree:10
 order:42
[ 10, 10, 1, 20 ][ 4, 0, 2 ][ 10, 2 ][ 0 ][ 0, 2 ][ 0 ][ 0 ]

minimal polynomial:[ x-10, x-3, x-2, x+2, x+5 ]x^4-16*x^3+59*x^2+40*x-300
x^2-1
x^4-14*x^3-136*x^2+320*x

 SITAs:
[ [ [ 1, 0, 0, 0, 0 ], [ 0, 1, 0, 0, 0 ], [ 0, 0, 1, 0, 0 ], [ 0, 0, 0, 1, 0 ], [ 0, 0, 0, 0, 1 ] ], 
  [ [ 0, 10, 0, 0, 0 ], [ 1, 1, 4, 0, 4 ], [ 0, 4, 1, 1, 4 ], [ 0, 0, 10, 0, 0 ], [ 0, 2, 2, 0, 6 ] ], 
  [ [ 0, 0, 10, 0, 0 ], [ 0, 4, 1, 1, 4 ], [ 1, 1, 4, 0, 4 ], [ 0, 10, 0, 0, 0 ], [ 0, 2, 2, 0, 6 ] ], 
  [ [ 0, 0, 0, 1, 0 ], [ 0, 0, 1, 0, 0 ], [ 0, 1, 0, 0, 0 ], [ 1, 0, 0, 0, 0 ], [ 0, 0, 0, 0, 1 ] ], 
  [ [ 0, 0, 0, 0, 20 ], [ 0, 4, 4, 0, 12 ], [ 0, 4, 4, 0, 12 ], [ 0, 0, 0, 0, 20 ], [ 1, 6, 6, 1, 6 ] ] ]

