 degree:14
 order:45
[ 14, 14, 2, 14 ][ 2, 0, 6 ][ 7, 7 ][ 1 ][ 0, 6 ][ 1 ][ 0 ]

minimal polynomial:[ x-14, x-5, x+1, x+2, x+7 ]x^5-5*x^4-123*x^3-131*x^2+1162*x+1176
x^2-x-2
x^2-13*x-14

 SITAs:
[ [ [ 1, 0, 0, 0, 0 ], [ 0, 1, 0, 0, 0 ], [ 0, 0, 1, 0, 0 ], [ 0, 0, 0, 1, 0 ], [ 0, 0, 0, 0, 1 ] ], 
  [ [ 0, 14, 0, 0, 0 ], [ 1, 5, 2, 0, 6 ], [ 0, 2, 4, 1, 7 ], [ 0, 0, 7, 0, 7 ], [ 0, 6, 7, 1, 0 ] ], 
  [ [ 0, 0, 14, 0, 0 ], [ 0, 2, 4, 1, 7 ], [ 1, 4, 3, 0, 6 ], [ 0, 7, 0, 0, 7 ], [ 0, 7, 6, 1, 0 ] ], 
  [ [ 0, 0, 0, 2, 0 ], [ 0, 0, 1, 0, 1 ], [ 0, 1, 0, 0, 1 ], [ 1, 0, 0, 1, 0 ], [ 0, 1, 1, 0, 0 ] ], 
  [ [ 0, 0, 0, 0, 14 ], [ 0, 6, 7, 1, 0 ], [ 0, 7, 6, 1, 0 ], [ 0, 7, 7, 0, 0 ], [ 1, 0, 0, 0, 13 ] ] ]

