 degree:11
 order:210
[ 11, 99, 33, 66 ][ 1, 0, 0, 3, 6, 3 ]

minimal polynomial:[ x-11, x+4, x^3-3*x^2-9*x+13 ]2
[ x-99, x-9, x^3+9*x^2-27*x-81 ]
[ x-33, x-3, x^3+3*x^2-45*x-171 ]
[ x-66, x+9, x^3-6*x^2-36*x+72 ]

 SITA:
[ [ [ 1, 0, 0, 0, 0 ], [ 0, 1, 0, 0, 0 ], [ 0, 0, 1, 0, 0 ], [ 0, 0, 0, 1, 0 ], [ 0, 0, 0, 0, 1 ] ],
  [ [ 0, 11, 0, 0, 0 ], [ 1, 1, 9, 0, 0 ], [ 0, 1, 5, 1, 4 ], [ 0, 0, 3, 2, 6 ], [ 0, 0, 6, 3, 2 ] ],
  [ [ 0, 0, 99, 0, 0 ], [ 0, 9, 45, 9, 36 ], [ 1, 5, 45, 18, 30 ], [ 0, 3, 54, 12, 30 ],
      [ 0, 6, 45, 15, 33 ] ],
  [ [ 0, 0, 0, 33, 0 ], [ 0, 0, 9, 6, 18 ], [ 0, 1, 18, 4, 10 ], [ 1, 2, 12, 6, 12 ],
      [ 0, 3, 15, 6, 9 ] ], [ [ 0, 0, 0, 0, 66 ], [ 0, 0, 36, 18, 12 ], [ 0, 4, 30, 10, 22 ],
      [ 0, 6, 30, 12, 18 ], [ 1, 2, 33, 9, 21 ] ] ]

