 degree:16
 order:48
[ 16, 14, 1, 16 ][ 8, 0, 1 ][ 0, 7 ][ 1 ][ 14, 0 ][ 0 ][ 0 ]

minimal polynomial:[ x-16, x-8, x, x+2, x+8 ]x^3-12*x^2-28*x
x^2-1
x^4-10*x^3-112*x^2+256*x

 SITAs:
[ [ [ 1, 0, 0, 0, 0 ], [ 0, 1, 0, 0, 0 ], [ 0, 0, 1, 0, 0 ], [ 0, 0, 0, 1, 0 ], [ 0, 0, 0, 0, 1 ] ], 
  [ [ 0, 16, 0, 0, 0 ], [ 1, 7, 7, 0, 1 ], [ 0, 8, 0, 0, 8 ], [ 0, 0, 0, 0, 16 ], [ 0, 1, 7, 1, 7 ] ], 
  [ [ 0, 0, 14, 0, 0 ], [ 0, 7, 0, 0, 7 ], [ 1, 0, 12, 1, 0 ], [ 0, 0, 14, 0, 0 ], [ 0, 7, 0, 0, 7 ] ], 
  [ [ 0, 0, 0, 1, 0 ], [ 0, 0, 0, 0, 1 ], [ 0, 0, 1, 0, 0 ], [ 1, 0, 0, 0, 0 ], [ 0, 1, 0, 0, 0 ] ], 
  [ [ 0, 0, 0, 0, 16 ], [ 0, 1, 7, 1, 7 ], [ 0, 8, 0, 0, 8 ], [ 0, 16, 0, 0, 0 ], [ 1, 7, 7, 0, 1 ] ] ]

