 degree:15
 order:48
[ 15, 2, 5, 25 ][ 15, 0, 3 ][ 0, 0 ][ 3 ][ 0, 0 ][ 0 ][ 0 ]

minimal polynomial:[ x-15, x-9, x, x+3, x+5 ]x^2-x-2
x^3-2*x^2-15*x
x^5-16*x^4-250*x^3+400*x^2+5625*x

 SITAs:
[ [ [ 1, 0, 0, 0, 0 ], [ 0, 1, 0, 0, 0 ], [ 0, 0, 1, 0, 0 ], [ 0, 0, 0, 1, 0 ], [ 0, 0, 0, 0, 1 ] ], 
  [ [ 0, 15, 0, 0, 0 ], [ 1, 7, 2, 0, 5 ], [ 0, 15, 0, 0, 0 ], [ 0, 0, 0, 0, 15 ], [ 0, 3, 0, 3, 9 ] ], 
  [ [ 0, 0, 2, 0, 0 ], [ 0, 2, 0, 0, 0 ], [ 1, 0, 1, 0, 0 ], [ 0, 0, 0, 2, 0 ], [ 0, 0, 0, 0, 2 ] ], 
  [ [ 0, 0, 0, 5, 0 ], [ 0, 0, 0, 0, 5 ], [ 0, 0, 0, 5, 0 ], [ 1, 0, 2, 2, 0 ], [ 0, 3, 0, 0, 2 ] ], 
  [ [ 0, 0, 0, 0, 25 ], [ 0, 5, 0, 5, 15 ], [ 0, 0, 0, 0, 25 ], [ 0, 15, 0, 0, 10 ], [ 1, 9, 2, 2, 11 ] ] ]

