 degree:10
 order:117
[ 10, 2, 40, 64 ][ 10, 1, 0, 0, 0, 5 ]

minimal polynomial:[ x-10, x-7, x, x+3, x+5 ]
[ x-2, x+1 ]
[ x-40, x-10, x, x+2, x+12 ]
[ x-64, x-12, x, x+8 ]
 SITA:
[ [ [ 1, 0, 0, 0, 0 ], [ 0, 1, 0, 0, 0 ], [ 0, 0, 1, 0, 0 ], [ 0, 0, 0, 1, 0 ], [ 0, 0, 0, 0, 1 ] ],
  [ [ 0, 10, 0, 0, 0 ], [ 1, 3, 2, 4, 0 ], [ 0, 10, 0, 0, 0 ], [ 0, 1, 0, 1, 8 ], [ 0, 0, 0, 5, 5 ] ]
    , [ [ 0, 0, 2, 0, 0 ], [ 0, 2, 0, 0, 0 ], [ 1, 0, 1, 0, 0 ], [ 0, 0, 0, 2, 0 ],
      [ 0, 0, 0, 0, 2 ] ],
  [ [ 0, 0, 0, 40, 0 ], [ 0, 4, 0, 4, 32 ], [ 0, 0, 0, 40, 0 ], [ 1, 1, 2, 12, 24 ],
      [ 0, 5, 0, 15, 20 ] ],
  [ [ 0, 0, 0, 0, 64 ], [ 0, 0, 0, 32, 32 ], [ 0, 0, 0, 0, 64 ], [ 0, 8, 0, 24, 32 ],
      [ 1, 5, 2, 20, 36 ] ] ]
