 degree:16
 order:48
[ 16, 7, 8, 16 ][ 16, 0, 8 ][ 0, 0 ][ 8 ][ 0, 0 ][ 0 ][ 0 ]

minimal polynomial:[ x-16, x-8, x, x+8, x+16 ]x^2-6*x-7
x^3-64*x
x^3-8*x^2-128*x

 SITAs:
[ [ [ 1, 0, 0, 0, 0 ], [ 0, 1, 0, 0, 0 ], [ 0, 0, 1, 0, 0 ], [ 0, 0, 0, 1, 0 ], [ 0, 0, 0, 0, 1 ] ], 
  [ [ 0, 16, 0, 0, 0 ], [ 1, 0, 7, 0, 8 ], [ 0, 16, 0, 0, 0 ], [ 0, 0, 0, 0, 16 ], [ 0, 8, 0, 8, 0 ] ], 
  [ [ 0, 0, 7, 0, 0 ], [ 0, 7, 0, 0, 0 ], [ 1, 0, 6, 0, 0 ], [ 0, 0, 0, 7, 0 ], [ 0, 0, 0, 0, 7 ] ], 
  [ [ 0, 0, 0, 8, 0 ], [ 0, 0, 0, 0, 8 ], [ 0, 0, 0, 8, 0 ], [ 1, 0, 7, 0, 0 ], [ 0, 8, 0, 0, 0 ] ], 
  [ [ 0, 0, 0, 0, 16 ], [ 0, 8, 0, 8, 0 ], [ 0, 0, 0, 0, 16 ], [ 0, 16, 0, 0, 0 ], [ 1, 0, 7, 0, 8 ] ] ]

