 degree:14
 order:45
[ 14, 14, 2, 14 ][ 3, 0, 4 ][ 7, 6 ][ 1 ][ 0, 3 ][ 1 ][ 0 ]

minimal polynomial:[ x-14, x+1, x^3-21*x-35 ]
 Galois type:1

 minimal polynomial of other basis elements:
 x^5-13*x^4-35*x^3+238*x^2+749*x+490
x^2-x-2
x^5-13*x^4-35*x^3+238*x^2+749*x+490

 SITAs:
[ [ [ 1, 0, 0, 0, 0 ], [ 0, 1, 0, 0, 0 ], [ 0, 0, 1, 0, 0 ], [ 0, 0, 0, 1, 0 ], [ 0, 0, 0, 0, 1 ] ], 
  [ [ 0, 14, 0, 0, 0 ], [ 1, 6, 3, 0, 4 ], [ 0, 3, 4, 1, 6 ], [ 0, 0, 7, 0, 7 ], [ 0, 4, 6, 1, 3 ] ], 
  [ [ 0, 0, 14, 0, 0 ], [ 0, 3, 4, 1, 6 ], [ 1, 4, 6, 0, 3 ], [ 0, 7, 0, 0, 7 ], [ 0, 6, 3, 1, 4 ] ], 
  [ [ 0, 0, 0, 2, 0 ], [ 0, 0, 1, 0, 1 ], [ 0, 1, 0, 0, 1 ], [ 1, 0, 0, 1, 0 ], [ 0, 1, 1, 0, 0 ] ], 
  [ [ 0, 0, 0, 0, 14 ], [ 0, 4, 6, 1, 3 ], [ 0, 6, 3, 1, 4 ], [ 0, 7, 7, 0, 0 ], [ 1, 3, 4, 0, 6 ] ] ]

