 degree:12
 order:32
[ 12, 3, 12, 4 ][ 4, 3, 6 ][ 2, 0 ][ 6 ][ 0, 0 ][ 0 ][ 6 ]

minimal polynomial:[ x-12, x-4, x, x+2, x+4 ]x^2-2*x-3
x^4-10*x^3-32*x^2+96*x
x^3-16*x

 SITAs:
[ [ [ 1, 0, 0, 0, 0 ], [ 0, 1, 0, 0, 0 ], [ 0, 0, 1, 0, 0 ], [ 0, 0, 0, 1, 0 ], [ 0, 0, 0, 0, 1 ] ], 
  [ [ 0, 12, 0, 0, 0 ], [ 1, 5, 1, 3, 2 ], [ 0, 4, 0, 8, 0 ], [ 0, 3, 2, 5, 2 ], [ 0, 6, 0, 6, 0 ] ], 
  [ [ 0, 0, 3, 0, 0 ], [ 0, 1, 0, 2, 0 ], [ 1, 0, 2, 0, 0 ], [ 0, 2, 0, 1, 0 ], [ 0, 0, 0, 0, 3 ] ], 
  [ [ 0, 0, 0, 12, 0 ], [ 0, 3, 2, 5, 2 ], [ 0, 8, 0, 4, 0 ], [ 1, 5, 1, 3, 2 ], [ 0, 6, 0, 6, 0 ] ], 
  [ [ 0, 0, 0, 0, 4 ], [ 0, 2, 0, 2, 0 ], [ 0, 0, 0, 0, 4 ], [ 0, 2, 0, 2, 0 ], [ 1, 0, 3, 0, 0 ] ] ]

