 degree:9
 order:56
[ 9, 36, 1, 9 ][ 2, 0, 0, 0, 8, 1 ]

minimal polynomial:[ x-9, x-3, x-1, x+3, x+5 ]
[ x-36, x-8, x, x+4 ]
[ x-1, x+1 ]
[ x-9, x-3, x-1, x+3, x+5 ]

 SITA:
[ [ [ 1, 0, 0, 0, 0 ], [ 0, 1, 0, 0, 0 ], [ 0, 0, 1, 0, 0 ], [ 0, 0, 0, 1, 0 ], [ 0, 0, 0, 0, 1 ] ],
  [ [ 0, 9, 0, 0, 0 ], [ 1, 0, 8, 0, 0 ], [ 0, 2, 5, 0, 2 ], [ 0, 0, 0, 0, 9 ], [ 0, 0, 8, 1, 0 ] ],
  [ [ 0, 0, 36, 0, 0 ], [ 0, 8, 20, 0, 8 ], [ 1, 5, 24, 1, 5 ], [ 0, 0, 36, 0, 0 ],
      [ 0, 8, 20, 0, 8 ] ],
  [ [ 0, 0, 0, 1, 0 ], [ 0, 0, 0, 0, 1 ], [ 0, 0, 1, 0, 0 ], [ 1, 0, 0, 0, 0 ], [ 0, 1, 0, 0, 0 ] ],
  [ [ 0, 0, 0, 0, 9 ], [ 0, 0, 8, 1, 0 ], [ 0, 2, 5, 0, 2 ], [ 0, 9, 0, 0, 0 ], [ 1, 0, 8, 0, 0 ] ] ]

