 degree:20
 order:44
[ 20, 1, 2, 20 ][ 20, 0, 18 ][ 0, 0 ][ 2 ][ 0, 0 ][ 0 ][ 0 ]

minimal polynomial:[ x-20, x-2, x, x+2, x+20 ]x^2-1
x^3-4*x
x^3-18*x^2-40*x

 SITAs:
[ [ [ 1, 0, 0, 0, 0 ], [ 0, 1, 0, 0, 0 ], [ 0, 0, 1, 0, 0 ], [ 0, 0, 0, 1, 0 ], [ 0, 0, 0, 0, 1 ] ], 
  [ [ 0, 20, 0, 0, 0 ], [ 1, 0, 1, 0, 18 ], [ 0, 20, 0, 0, 0 ], [ 0, 0, 0, 0, 20 ], [ 0, 18, 0, 2, 0 ] ], 
  [ [ 0, 0, 1, 0, 0 ], [ 0, 1, 0, 0, 0 ], [ 1, 0, 0, 0, 0 ], [ 0, 0, 0, 1, 0 ], [ 0, 0, 0, 0, 1 ] ], 
  [ [ 0, 0, 0, 2, 0 ], [ 0, 0, 0, 0, 2 ], [ 0, 0, 0, 2, 0 ], [ 1, 0, 1, 0, 0 ], [ 0, 2, 0, 0, 0 ] ], 
  [ [ 0, 0, 0, 0, 20 ], [ 0, 18, 0, 2, 0 ], [ 0, 0, 0, 0, 20 ], [ 0, 20, 0, 0, 0 ], [ 1, 0, 1, 0, 18 ] ] ]

