 degree:8
 order:49
[ 8, 8, 8, 24 ][ 1, 0, 2 ][ 4, 1 ][ 1 ][ 1, 2 ][ 1 ][ 2 ]

minimal polynomial:[ x-8, x-1, x^3+4*x^2-11*x-43 ]
 Galois type:1

 minimal polynomial of other basis elements:
 x^5-5*x^4-39*x^3+88*x^2+299*x-344
x^5-5*x^4-39*x^3+88*x^2+299*x-344
x^3-23*x^2-36*x+288

 SITAs:
[ [ [ 1, 0, 0, 0, 0 ], [ 0, 1, 0, 0, 0 ], [ 0, 0, 1, 0, 0 ], [ 0, 0, 0, 1, 0 ], [ 0, 0, 0, 0, 1 ] ], 
  [ [ 0, 8, 0, 0, 0 ], [ 1, 0, 1, 0, 6 ], [ 0, 1, 0, 4, 3 ], [ 0, 0, 4, 1, 3 ], [ 0, 2, 1, 1, 4 ] ], 
  [ [ 0, 0, 8, 0, 0 ], [ 0, 1, 0, 4, 3 ], [ 1, 0, 0, 1, 6 ], [ 0, 4, 1, 0, 3 ], [ 0, 1, 2, 1, 4 ] ], 
  [ [ 0, 0, 0, 8, 0 ], [ 0, 0, 4, 1, 3 ], [ 0, 4, 1, 0, 3 ], [ 1, 1, 0, 0, 6 ], [ 0, 1, 1, 2, 4 ] ], 
  [ [ 0, 0, 0, 0, 24 ], [ 0, 6, 3, 3, 12 ], [ 0, 3, 6, 3, 12 ], [ 0, 3, 3, 6, 12 ], [ 1, 4, 4, 4, 11 ] ] ]

