 degree:8
 order:135
[ 8, 56, 14, 56 ][ 1, 0, 0, 4, 3, 1 ]

minimal polynomial:[ x-8, x+1, x^3-12*x+4 ]2
[ x-56, x+7, x^3-48*x+112 ]
[ x-14, x+1 ]
[ x-56, x+7, x^3-48*x-68 ]

 SITA:
[ [ [ 1, 0, 0, 0, 0 ], [ 0, 1, 0, 0, 0 ], [ 0, 0, 1, 0, 0 ], [ 0, 0, 0, 1, 0 ], [ 0, 0, 0, 0, 1 ] ],
  [ [ 0, 8, 0, 0, 0 ], [ 1, 0, 7, 0, 0 ], [ 0, 1, 3, 1, 3 ], [ 0, 0, 4, 0, 4 ], [ 0, 0, 3, 1, 4 ] ],
  [ [ 0, 0, 56, 0, 0 ], [ 0, 7, 21, 7, 21 ], [ 1, 3, 21, 6, 25 ], [ 0, 4, 24, 0, 28 ],
      [ 0, 3, 25, 7, 21 ] ],
  [ [ 0, 0, 0, 14, 0 ], [ 0, 0, 7, 0, 7 ], [ 0, 1, 6, 0, 7 ], [ 1, 0, 0, 13, 0 ], [ 0, 1, 7, 0, 6 ] ]
    , [ [ 0, 0, 0, 0, 56 ], [ 0, 0, 21, 7, 28 ], [ 0, 3, 25, 7, 21 ], [ 0, 4, 28, 0, 24 ],
      [ 1, 4, 21, 6, 24 ] ] ]
