 degree:10
 order:180
[ 10, 1, 70, 98 ][ 10, 1, 0, 0, 0, 5 ]

minimal polynomial:[ x-10, x-5, x, x+2, x+5 ]
[ x-1, x+1 ]
[ x-70, x-10, x, x+14 ]
[ x-98, x-14, x, x+7 ]

 SITA:
[ [ [ 1, 0, 0, 0, 0 ], [ 0, 1, 0, 0, 0 ], [ 0, 0, 1, 0, 0 ], [ 0, 0, 0, 1, 0 ], [ 0, 0, 0, 0, 1 ] ],
  [ [ 0, 10, 0, 0, 0 ], [ 1, 1, 1, 7, 0 ], [ 0, 10, 0, 0, 0 ], [ 0, 1, 0, 2, 7 ], [ 0, 0, 0, 5, 5 ] ]
    , [ [ 0, 0, 1, 0, 0 ], [ 0, 1, 0, 0, 0 ], [ 1, 0, 0, 0, 0 ], [ 0, 0, 0, 1, 0 ],
      [ 0, 0, 0, 0, 1 ] ],
  [ [ 0, 0, 0, 70, 0 ], [ 0, 7, 0, 14, 49 ], [ 0, 0, 0, 70, 0 ], [ 1, 2, 1, 24, 42 ],
      [ 0, 5, 0, 30, 35 ] ],
  [ [ 0, 0, 0, 0, 98 ], [ 0, 0, 0, 49, 49 ], [ 0, 0, 0, 0, 98 ], [ 0, 7, 0, 42, 49 ],
      [ 1, 5, 1, 35, 56 ] ] ]