 degree:10
 order:209
[ 10, 90, 18, 90 ][ 1, 0, 0, 5, 4, 1 ]

minimal polynomial:[ x-10, x+1, x^3-15*x+5 ]2
[ x-90, x+9, x^3-75*x+225 ]
[ x-18, x+1 ]

 SITA:
[ [ [ 1, 0, 0, 0, 0 ], [ 0, 1, 0, 0, 0 ], [ 0, 0, 1, 0, 0 ], [ 0, 0, 0, 1, 0 ], [ 0, 0, 0, 0, 1 ] ],
  [ [ 0, 10, 0, 0, 0 ], [ 1, 0, 9, 0, 0 ], [ 0, 1, 4, 1, 4 ], [ 0, 0, 5, 0, 5 ], [ 0, 0, 4, 1, 5 ] ],
  [ [ 0, 0, 90, 0, 0 ], [ 0, 9, 36, 9, 36 ], [ 1, 4, 36, 8, 41 ], [ 0, 5, 40, 0, 45 ],
      [ 0, 4, 41, 9, 36 ] ],
  [ [ 0, 0, 0, 18, 0 ], [ 0, 0, 9, 0, 9 ], [ 0, 1, 8, 0, 9 ], [ 1, 0, 0, 17, 0 ], [ 0, 1, 9, 0, 8 ] ]
    , [ [ 0, 0, 0, 0, 90 ], [ 0, 0, 36, 9, 45 ], [ 0, 4, 41, 9, 36 ], [ 0, 5, 45, 0, 40 ],
      [ 1, 5, 36, 8, 40 ] ] ]