 degree:10
 order:35
[ 10, 4, 10, 10 ][ 10, 0, 5 ][ 0, 0 ][ 5 ][ 0, 0 ][ 0 ][ 0 ]

minimal polynomial:[ x-10, x, x^3+5*x^2-50*x-125 ]
 Galois type:1

 minimal polynomial of other basis elements:
 x^2-3*x-4
x^5-5*x^4-100*x^3+375*x^2+1250*x
x^5-5*x^4-100*x^3+375*x^2+1250*x

 SITAs:
[ [ [ 1, 0, 0, 0, 0 ], [ 0, 1, 0, 0, 0 ], [ 0, 0, 1, 0, 0 ], [ 0, 0, 0, 1, 0 ], [ 0, 0, 0, 0, 1 ] ], 
  [ [ 0, 10, 0, 0, 0 ], [ 1, 0, 4, 0, 5 ], [ 0, 10, 0, 0, 0 ], [ 0, 0, 0, 5, 5 ], [ 0, 5, 0, 5, 0 ] ], 
  [ [ 0, 0, 4, 0, 0 ], [ 0, 4, 0, 0, 0 ], [ 1, 0, 3, 0, 0 ], [ 0, 0, 0, 4, 0 ], [ 0, 0, 0, 0, 4 ] ], 
  [ [ 0, 0, 0, 10, 0 ], [ 0, 0, 0, 5, 5 ], [ 0, 0, 0, 10, 0 ], [ 1, 5, 4, 0, 0 ], [ 0, 5, 0, 0, 5 ] ], 
  [ [ 0, 0, 0, 0, 10 ], [ 0, 5, 0, 5, 0 ], [ 0, 0, 0, 0, 10 ], [ 0, 5, 0, 0, 5 ], [ 1, 0, 4, 5, 0 ] ] ]

