 degree:24
 order:48
[ 24, 6, 8, 9 ][ 20, 9, 16 ][ 3, 0 ][ 8 ][ 0, 2 ][ 0 ][ 0 ]

minimal polynomial:[ x-24, x-4, x, x+4, x+12 ]x^3-6*x^2-4*x+24
x^4-8*x^3-16*x^2+128*x
x^3-7*x^2-21*x+27

 SITAs:
[ [ [ 1, 0, 0, 0, 0 ], [ 0, 1, 0, 0, 0 ], [ 0, 0, 1, 0, 0 ], [ 0, 0, 0, 1, 0 ], [ 0, 0, 0, 0, 1 ] ], 
  [ [ 0, 24, 0, 0, 0 ], [ 1, 9, 5, 3, 6 ], [ 0, 20, 0, 4, 0 ], [ 0, 9, 3, 3, 9 ], [ 0, 16, 0, 8, 0 ] ], 
  [ [ 0, 0, 6, 0, 0 ], [ 0, 5, 0, 1, 0 ], [ 1, 0, 2, 0, 3 ], [ 0, 3, 0, 3, 0 ], [ 0, 0, 2, 0, 4 ] ], 
  [ [ 0, 0, 0, 8, 0 ], [ 0, 3, 1, 1, 3 ], [ 0, 4, 0, 4, 0 ], [ 1, 3, 3, 1, 0 ], [ 0, 8, 0, 0, 0 ] ], 
  [ [ 0, 0, 0, 0, 9 ], [ 0, 6, 0, 3, 0 ], [ 0, 0, 3, 0, 6 ], [ 0, 9, 0, 0, 0 ], [ 1, 0, 4, 0, 4 ] ] ]

