 degree:10
 order:36
[ 10, 1, 4, 20 ][ 10, 0, 3 ][ 0, 0 ][ 2 ][ 0, 0 ][ 0 ][ 0 ]

minimal polynomial:[ x-10, x-4, x, x+2, x+5 ]x^2-1
x^3-2*x^2-8*x
x^4-21*x^3+400*x

 SITAs:
[ [ [ 1, 0, 0, 0, 0 ], [ 0, 1, 0, 0, 0 ], [ 0, 0, 1, 0, 0 ], [ 0, 0, 0, 1, 0 ], [ 0, 0, 0, 0, 1 ] ], 
  [ [ 0, 10, 0, 0, 0 ], [ 1, 2, 1, 0, 6 ], [ 0, 10, 0, 0, 0 ], [ 0, 0, 0, 0, 10 ], [ 0, 3, 0, 2, 5 ] ], 
  [ [ 0, 0, 1, 0, 0 ], [ 0, 1, 0, 0, 0 ], [ 1, 0, 0, 0, 0 ], [ 0, 0, 0, 1, 0 ], [ 0, 0, 0, 0, 1 ] ], 
  [ [ 0, 0, 0, 4, 0 ], [ 0, 0, 0, 0, 4 ], [ 0, 0, 0, 4, 0 ], [ 1, 0, 1, 2, 0 ], [ 0, 2, 0, 0, 2 ] ], 
  [ [ 0, 0, 0, 0, 20 ], [ 0, 6, 0, 4, 10 ], [ 0, 0, 0, 0, 20 ], [ 0, 10, 0, 0, 10 ], [ 1, 5, 1, 2, 11 ] ] ]

