 degree:7
 order:36
[ 7, 7, 7, 14 ][ 2, 0, 2 ][ 3, 1 ][ 1 ][ 2, 2 ][ 1 ][ 2 ]

minimal polynomial:[ x-7, x-1, x^3+3*x^2-9*x-19 ]
 Galois type:1

 minimal polynomial of other basis elements:
 x^5-5*x^4-26*x^3+74*x^2+89*x-133
x^5-5*x^4-26*x^3+74*x^2+89*x-133
x^3-12*x^2-36*x+112

 SITAs:
[ [ [ 1, 0, 0, 0, 0 ], [ 0, 1, 0, 0, 0 ], [ 0, 0, 1, 0, 0 ], [ 0, 0, 0, 1, 0 ], [ 0, 0, 0, 0, 1 ] ], 
  [ [ 0, 7, 0, 0, 0 ], [ 1, 0, 2, 0, 4 ], [ 0, 2, 0, 3, 2 ], [ 0, 0, 3, 2, 2 ], [ 0, 2, 1, 1, 3 ] ], 
  [ [ 0, 0, 7, 0, 0 ], [ 0, 2, 0, 3, 2 ], [ 1, 0, 0, 2, 4 ], [ 0, 3, 2, 0, 2 ], [ 0, 1, 2, 1, 3 ] ], 
  [ [ 0, 0, 0, 7, 0 ], [ 0, 0, 3, 2, 2 ], [ 0, 3, 2, 0, 2 ], [ 1, 2, 0, 0, 4 ], [ 0, 1, 1, 2, 3 ] ], 
  [ [ 0, 0, 0, 0, 14 ], [ 0, 4, 2, 2, 6 ], [ 0, 2, 4, 2, 6 ], [ 0, 2, 2, 4, 6 ], [ 1, 3, 3, 3, 4 ] ] ]

