 degree:12
 order:32
[ 12, 3, 4, 12 ][ 12, 0, 8 ][ 0, 0 ][ 4 ][ 0, 0 ][ 0 ][ 0 ]

minimal polynomial:[ x-12, x-4, x, x+4, x+12 ]x^2-2*x-3
x^3-16*x
x^3-8*x^2-48*x

 SITAs:
[ [ [ 1, 0, 0, 0, 0 ], [ 0, 1, 0, 0, 0 ], [ 0, 0, 1, 0, 0 ], [ 0, 0, 0, 1, 0 ], [ 0, 0, 0, 0, 1 ] ], 
  [ [ 0, 12, 0, 0, 0 ], [ 1, 0, 3, 0, 8 ], [ 0, 12, 0, 0, 0 ], [ 0, 0, 0, 0, 12 ], [ 0, 8, 0, 4, 0 ] ], 
  [ [ 0, 0, 3, 0, 0 ], [ 0, 3, 0, 0, 0 ], [ 1, 0, 2, 0, 0 ], [ 0, 0, 0, 3, 0 ], [ 0, 0, 0, 0, 3 ] ], 
  [ [ 0, 0, 0, 4, 0 ], [ 0, 0, 0, 0, 4 ], [ 0, 0, 0, 4, 0 ], [ 1, 0, 3, 0, 0 ], [ 0, 4, 0, 0, 0 ] ], 
  [ [ 0, 0, 0, 0, 12 ], [ 0, 8, 0, 4, 0 ], [ 0, 0, 0, 0, 12 ], [ 0, 12, 0, 0, 0 ], [ 1, 0, 3, 0, 8 ] ] ]

