 degree:18
 order:45
[ 18, 6, 12, 8 ][ 12, 3, 9 ][ 3, 0 ][ 9 ][ 0, 3 ][ 0 ][ 3 ]

minimal polynomial:[ x-18, x-6, x, x+2, x+9 ]x^3-4*x^2-15*x+18
x^4-8*x^3-60*x^2+144*x
x^3-8*x^2-4*x+32

 SITAs:
[ [ [ 1, 0, 0, 0, 0 ], [ 0, 1, 0, 0, 0 ], [ 0, 0, 1, 0, 0 ], [ 0, 0, 0, 1, 0 ], [ 0, 0, 0, 0, 1 ] ], 
  [ [ 0, 18, 0, 0, 0 ], [ 1, 7, 4, 2, 4 ], [ 0, 12, 0, 6, 0 ], [ 0, 3, 3, 6, 6 ], [ 0, 9, 0, 9, 0 ] ], 
  [ [ 0, 0, 6, 0, 0 ], [ 0, 4, 0, 2, 0 ], [ 1, 0, 1, 0, 4 ], [ 0, 3, 0, 3, 0 ], [ 0, 0, 3, 0, 3 ] ], 
  [ [ 0, 0, 0, 12, 0 ], [ 0, 2, 2, 4, 4 ], [ 0, 6, 0, 6, 0 ], [ 1, 6, 3, 0, 2 ], [ 0, 9, 0, 3, 0 ] ], 
  [ [ 0, 0, 0, 0, 8 ], [ 0, 4, 0, 4, 0 ], [ 0, 0, 4, 0, 4 ], [ 0, 6, 0, 2, 0 ], [ 1, 0, 3, 0, 4 ] ] ]

