 degree:5
 order:42
[ 5, 1, 20, 15 ][ 5, 0, 1 ][ 0, 0 ][ 4 ][ 0, 0 ][ 0 ][ 8 ]

minimal polynomial:[ x-5, x-3, x, x+2, x+4 ]x^2-1
x^4-22*x^3+16*x^2+480*x
x^5-14*x^4-51*x^3+504*x^2+540*x

 SITAs:
[ [ [ 1, 0, 0, 0, 0 ], [ 0, 1, 0, 0, 0 ], [ 0, 0, 1, 0, 0 ], [ 0, 0, 0, 1, 0 ], [ 0, 0, 0, 0, 1 ] ], 
  [ [ 0, 5, 0, 0, 0 ], [ 1, 0, 1, 0, 3 ], [ 0, 5, 0, 0, 0 ], [ 0, 0, 0, 2, 3 ], [ 0, 1, 0, 4, 0 ] ], 
  [ [ 0, 0, 1, 0, 0 ], [ 0, 1, 0, 0, 0 ], [ 1, 0, 0, 0, 0 ], [ 0, 0, 0, 1, 0 ], [ 0, 0, 0, 0, 1 ] ], 
  [ [ 0, 0, 0, 20, 0 ], [ 0, 0, 0, 8, 12 ], [ 0, 0, 0, 20, 0 ], [ 1, 2, 1, 10, 6 ], [ 0, 4, 0, 8, 8 ] ], 
  [ [ 0, 0, 0, 0, 15 ], [ 0, 3, 0, 12, 0 ], [ 0, 0, 0, 0, 15 ], [ 0, 3, 0, 6, 6 ], [ 1, 0, 1, 8, 5 ] ] ]

