 degree:4
 order:32
[ 4, 12, 3, 12 ][ 1, 0, 0, 0, 3, 1 ]

minimal polynomial:[ x-4, x-2, x, x+2, x+4 ]x^3-8*x^2-48*x
x^2-2*x-3
x^5-148*x^3+576*x

 SITA:
[ [ [ 1, 0, 0, 0, 0 ], [ 0, 1, 0, 0, 0 ], [ 0, 0, 1, 0, 0 ], 
      [ 0, 0, 0, 1, 0 ], [ 0, 0, 0, 0, 1 ] ], 
  [ [ 0, 4, 0, 0, 0 ], [ 1, 0, 3, 0, 0 ], [ 0, 1, 0, 0, 3 ], 
      [ 0, 0, 0, 0, 4 ], [ 0, 0, 3, 1, 0 ] ], 
  [ [ 0, 0, 12, 0, 0 ], [ 0, 3, 0, 0, 9 ], [ 1, 0, 8, 3, 0 ], 
      [ 0, 0, 12, 0, 0 ], [ 0, 3, 0, 0, 9 ] ], 
  [ [ 0, 0, 0, 3, 0 ], [ 0, 0, 0, 0, 3 ], [ 0, 0, 3, 0, 0 ], 
      [ 1, 0, 0, 2, 0 ], [ 0, 1, 0, 0, 2 ] ], 
  [ [ 0, 0, 0, 0, 12 ], [ 0, 0, 9, 3, 0 ], [ 0, 3, 0, 0, 9 ], 
      [ 0, 4, 0, 0, 8 ], [ 1, 0, 9, 2, 0 ] ] ]


 P-polynomial


