 degree:14
 order:42
[ 14, 6, 7, 14 ][ 14, 0, 7 ][ 0, 0 ][ 7 ][ 0, 0 ][ 0 ][ 0 ]

minimal polynomial:[ x-14, x-7, x, x+7, x+14 ]x^2-5*x-6
x^3-49*x
x^3-7*x^2-98*x

 SITAs:
[ [ [ 1, 0, 0, 0, 0 ], [ 0, 1, 0, 0, 0 ], [ 0, 0, 1, 0, 0 ], [ 0, 0, 0, 1, 0 ], [ 0, 0, 0, 0, 1 ] ], 
  [ [ 0, 14, 0, 0, 0 ], [ 1, 0, 6, 0, 7 ], [ 0, 14, 0, 0, 0 ], [ 0, 0, 0, 0, 14 ], [ 0, 7, 0, 7, 0 ] ], 
  [ [ 0, 0, 6, 0, 0 ], [ 0, 6, 0, 0, 0 ], [ 1, 0, 5, 0, 0 ], [ 0, 0, 0, 6, 0 ], [ 0, 0, 0, 0, 6 ] ], 
  [ [ 0, 0, 0, 7, 0 ], [ 0, 0, 0, 0, 7 ], [ 0, 0, 0, 7, 0 ], [ 1, 0, 6, 0, 0 ], [ 0, 7, 0, 0, 0 ] ], 
  [ [ 0, 0, 0, 0, 14 ], [ 0, 7, 0, 7, 0 ], [ 0, 0, 0, 0, 14 ], [ 0, 14, 0, 0, 0 ], [ 1, 0, 6, 0, 7 ] ] ]

