 degree:9
 order:162
[ 9, 72, 8, 72 ][ 1, 0, 0, 0, 8, 1 ]

minimal polynomial:[ x-9, x-3, x, x+3, x+9 ]
[ x-72, x, x+9 ]
[ x-8, x+1 ]
[ x-72, x-3, x, x+3, x+72 ]

 SITA:
[ [ [ 1, 0, 0, 0, 0 ], [ 0, 1, 0, 0, 0 ], [ 0, 0, 1, 0, 0 ], [ 0, 0, 0, 1, 0 ], [ 0, 0, 0, 0, 1 ] ],
  [ [ 0, 9, 0, 0, 0 ], [ 1, 0, 8, 0, 0 ], [ 0, 1, 0, 0, 8 ], [ 0, 0, 0, 0, 9 ], [ 0, 0, 8, 1, 0 ] ],
  [ [ 0, 0, 72, 0, 0 ], [ 0, 8, 0, 0, 64 ], [ 1, 0, 63, 8, 0 ], [ 0, 0, 72, 0, 0 ],
      [ 0, 8, 0, 0, 64 ] ],
  [ [ 0, 0, 0, 8, 0 ], [ 0, 0, 0, 0, 8 ], [ 0, 0, 8, 0, 0 ], [ 1, 0, 0, 7, 0 ], [ 0, 1, 0, 0, 7 ] ],
  [ [ 0, 0, 0, 0, 72 ], [ 0, 0, 64, 8, 0 ], [ 0, 8, 0, 0, 64 ], [ 0, 9, 0, 0, 63 ],
      [ 1, 0, 64, 7, 0 ] ] ]


 