 degree:10
 order:126
[ 10, 60, 5, 50 ][ 1, 0, 0, 0, 6, 1 ]

minimal polynomial:[ x-10, x-5, x-1, x+2, x+4 ]
[ x-60, x-18, x, x+12 ]
[ x-5, x+1 ]
[ x-50, x-5, x-2, x+5, x+20 ]

 SITA:
[ [ [ 1, 0, 0, 0, 0 ], [ 0, 1, 0, 0, 0 ], [ 0, 0, 1, 0, 0 ], [ 0, 0, 0, 1, 0 ], [ 0, 0, 0, 0, 1 ] ],
  [ [ 0, 10, 0, 0, 0 ], [ 1, 3, 6, 0, 0 ], [ 0, 1, 4, 0, 5 ], [ 0, 0, 0, 0, 10 ], [ 0, 0, 6, 1, 3 ] ]
    , [ [ 0, 0, 60, 0, 0 ], [ 0, 6, 24, 0, 30 ], [ 1, 4, 30, 5, 20 ], [ 0, 0, 60, 0, 0 ],
      [ 0, 6, 24, 0, 30 ] ],
  [ [ 0, 0, 0, 5, 0 ], [ 0, 0, 0, 0, 5 ], [ 0, 0, 5, 0, 0 ], [ 1, 0, 0, 4, 0 ], [ 0, 1, 0, 0, 4 ] ],
  [ [ 0, 0, 0, 0, 50 ], [ 0, 0, 30, 5, 15 ], [ 0, 5, 20, 0, 25 ], [ 0, 10, 0, 0, 40 ],
      [ 1, 3, 30, 4, 12 ] ] ]