 degree:22
 order:48
[ 22, 1, 2, 22 ][ 22, 0, 20 ][ 0, 0 ][ 2 ][ 0, 0 ][ 0 ][ 0 ]

minimal polynomial:[ x-22, x-2, x, x+2, x+22 ]x^2-1
x^3-4*x
x^3-20*x^2-44*x

 SITAs:
[ [ [ 1, 0, 0, 0, 0 ], [ 0, 1, 0, 0, 0 ], [ 0, 0, 1, 0, 0 ], [ 0, 0, 0, 1, 0 ], [ 0, 0, 0, 0, 1 ] ], 
  [ [ 0, 22, 0, 0, 0 ], [ 1, 0, 1, 0, 20 ], [ 0, 22, 0, 0, 0 ], [ 0, 0, 0, 0, 22 ], [ 0, 20, 0, 2, 0 ] ], 
  [ [ 0, 0, 1, 0, 0 ], [ 0, 1, 0, 0, 0 ], [ 1, 0, 0, 0, 0 ], [ 0, 0, 0, 1, 0 ], [ 0, 0, 0, 0, 1 ] ], 
  [ [ 0, 0, 0, 2, 0 ], [ 0, 0, 0, 0, 2 ], [ 0, 0, 0, 2, 0 ], [ 1, 0, 1, 0, 0 ], [ 0, 2, 0, 0, 0 ] ], 
  [ [ 0, 0, 0, 0, 22 ], [ 0, 20, 0, 2, 0 ], [ 0, 0, 0, 0, 22 ], [ 0, 22, 0, 0, 0 ], [ 1, 0, 1, 0, 20 ] ] ]

