 degree:6
 order:25
[ 6, 6, 6, 6 ][ 1, 0, 2 ][ 2, 2 ][ 2 ][ 2, 0 ][ 2 ][ 1 ]

minimal polynomial:[ x-6, x^2-2*x-4, x^2+3*x+1 ]
 Galois type:1

 minimal polynomial of other basis elements:
 x^5-5*x^4-15*x^3+40*x^2+80*x+24
x^5-5*x^4-15*x^3+40*x^2+80*x+24
x^5-5*x^4-15*x^3+40*x^2+80*x+24

 SITAs:
[ [ [ 1, 0, 0, 0, 0 ], [ 0, 1, 0, 0, 0 ], [ 0, 0, 1, 0, 0 ], [ 0, 0, 0, 1, 0 ], [ 0, 0, 0, 0, 1 ] ], 
  [ [ 0, 6, 0, 0, 0 ], [ 1, 2, 1, 0, 2 ], [ 0, 1, 1, 2, 2 ], [ 0, 0, 2, 2, 2 ], [ 0, 2, 2, 2, 0 ] ], 
  [ [ 0, 0, 6, 0, 0 ], [ 0, 1, 1, 2, 2 ], [ 1, 1, 2, 2, 0 ], [ 0, 2, 2, 0, 2 ], [ 0, 2, 0, 2, 2 ] ], 
  [ [ 0, 0, 0, 6, 0 ], [ 0, 0, 2, 2, 2 ], [ 0, 2, 2, 0, 2 ], [ 1, 2, 0, 2, 1 ], [ 0, 2, 2, 1, 1 ] ], 
  [ [ 0, 0, 0, 0, 6 ], [ 0, 2, 2, 2, 0 ], [ 0, 2, 0, 2, 2 ], [ 0, 2, 2, 1, 1 ], [ 1, 0, 2, 1, 2 ] ] ]

