 degree:10
 order:24
[ 10, 1, 2, 10 ][ 10, 0, 8 ][ 0, 0 ][ 2 ][ 0, 0 ][ 0 ][ 0 ]

minimal polynomial:[ x-10, x-2, x, x+2, x+10 ]x^2-1
x^3-4*x
x^3-8*x^2-20*x

 SITAs:
[ [ [ 1, 0, 0, 0, 0 ], [ 0, 1, 0, 0, 0 ], [ 0, 0, 1, 0, 0 ], [ 0, 0, 0, 1, 0 ], [ 0, 0, 0, 0, 1 ] ], 
  [ [ 0, 10, 0, 0, 0 ], [ 1, 0, 1, 0, 8 ], [ 0, 10, 0, 0, 0 ], [ 0, 0, 0, 0, 10 ], [ 0, 8, 0, 2, 0 ] ], 
  [ [ 0, 0, 1, 0, 0 ], [ 0, 1, 0, 0, 0 ], [ 1, 0, 0, 0, 0 ], [ 0, 0, 0, 1, 0 ], [ 0, 0, 0, 0, 1 ] ], 
  [ [ 0, 0, 0, 2, 0 ], [ 0, 0, 0, 0, 2 ], [ 0, 0, 0, 2, 0 ], [ 1, 0, 1, 0, 0 ], [ 0, 2, 0, 0, 0 ] ], 
  [ [ 0, 0, 0, 0, 10 ], [ 0, 8, 0, 2, 0 ], [ 0, 0, 0, 0, 10 ], [ 0, 10, 0, 0, 0 ], [ 1, 0, 1, 0, 8 ] ] ]

