 degree:16
 order:48
[ 16, 14, 1, 16 ][ 8, 0, 4 ][ 0, 7 ][ 1 ][ 14, 0 ][ 0 ][ 0 ]

minimal polynomial:[ x-16, x-4, x, x+4, x+8 ]x^3-12*x^2-28*x
x^2-1
x^5-8*x^4-144*x^3+128*x^2+2048*x

 SITAs:
[ [ [ 1, 0, 0, 0, 0 ], [ 0, 1, 0, 0, 0 ], [ 0, 0, 1, 0, 0 ], [ 0, 0, 0, 1, 0 ], [ 0, 0, 0, 0, 1 ] ], 
  [ [ 0, 16, 0, 0, 0 ], [ 1, 4, 7, 0, 4 ], [ 0, 8, 0, 0, 8 ], [ 0, 0, 0, 0, 16 ], [ 0, 4, 7, 1, 4 ] ], 
  [ [ 0, 0, 14, 0, 0 ], [ 0, 7, 0, 0, 7 ], [ 1, 0, 12, 1, 0 ], [ 0, 0, 14, 0, 0 ], [ 0, 7, 0, 0, 7 ] ], 
  [ [ 0, 0, 0, 1, 0 ], [ 0, 0, 0, 0, 1 ], [ 0, 0, 1, 0, 0 ], [ 1, 0, 0, 0, 0 ], [ 0, 1, 0, 0, 0 ] ], 
  [ [ 0, 0, 0, 0, 16 ], [ 0, 4, 7, 1, 4 ], [ 0, 8, 0, 0, 8 ], [ 0, 16, 0, 0, 0 ], [ 1, 4, 7, 0, 4 ] ] ]

