 degree:21
 order:48
[ 21, 2, 3, 21 ][ 21, 0, 8 ][ 0, 0 ][ 3 ][ 0, 0 ][ 0 ][ 0 ]

minimal polynomial:[ x-21, x-9, x, x+3, x+7 ]x^2-x-2
x^3-9*x
x^5-16*x^4-162*x^3+1008*x^2+3969*x

 SITAs:
[ [ [ 1, 0, 0, 0, 0 ], [ 0, 1, 0, 0, 0 ], [ 0, 0, 1, 0, 0 ], [ 0, 0, 0, 1, 0 ], [ 0, 0, 0, 0, 1 ] ], 
  [ [ 0, 21, 0, 0, 0 ], [ 1, 10, 2, 0, 8 ], [ 0, 21, 0, 0, 0 ], [ 0, 0, 0, 0, 21 ], [ 0, 8, 0, 3, 10 ] ], 
  [ [ 0, 0, 2, 0, 0 ], [ 0, 2, 0, 0, 0 ], [ 1, 0, 1, 0, 0 ], [ 0, 0, 0, 2, 0 ], [ 0, 0, 0, 0, 2 ] ], 
  [ [ 0, 0, 0, 3, 0 ], [ 0, 0, 0, 0, 3 ], [ 0, 0, 0, 3, 0 ], [ 1, 0, 2, 0, 0 ], [ 0, 3, 0, 0, 0 ] ], 
  [ [ 0, 0, 0, 0, 21 ], [ 0, 8, 0, 3, 10 ], [ 0, 0, 0, 0, 21 ], [ 0, 21, 0, 0, 0 ], [ 1, 10, 2, 0, 8 ] ] ]

