 degree:8
 order:128
 [ 8, 28, 35, 56 ][ 2, 0, 0, 0, 3, 5 ]

minimal polynomial:[ x-8, x-4, x, x+4, x+8 ]
[ x-28, x-4, x+4 ]
[ x-35, x-3, x+5 ]
[ x-56, x-4, x, x+4, x+56 ]

 SITA:
[ [ [ 1, 0, 0, 0, 0 ], [ 0, 1, 0, 0, 0 ], [ 0, 0, 1, 0, 0 ], [ 0, 0, 0, 1, 0 ], [ 0, 0, 0, 0, 1 ] ],
  [ [ 0, 8, 0, 0, 0 ], [ 1, 0, 7, 0, 0 ], [ 0, 2, 0, 0, 6 ], [ 0, 0, 0, 0, 8 ], [ 0, 0, 3, 5, 0 ] ],
  [ [ 0, 0, 28, 0, 0 ], [ 0, 7, 0, 0, 21 ], [ 1, 0, 12, 15, 0 ], [ 0, 0, 12, 16, 0 ],
      [ 0, 3, 0, 0, 25 ] ],
  [ [ 0, 0, 0, 35, 0 ], [ 0, 0, 0, 0, 35 ], [ 0, 0, 15, 20, 0 ], [ 1, 0, 16, 18, 0 ],
      [ 0, 5, 0, 0, 30 ] ],
  [ [ 0, 0, 0, 0, 56 ], [ 0, 0, 21, 35, 0 ], [ 0, 6, 0, 0, 50 ], [ 0, 8, 0, 0, 48 ],
      [ 1, 0, 25, 30, 0 ] ] ]


