 degree:24
 order:45
[ 24, 2, 6, 12 ][ 24, 12, 18 ][ 0, 0 ][ 6 ][ 0, 0 ][ 0 ][ 0 ]

minimal polynomial:[ x-24, x-3, x, x+6, x+12 ]x^2-x-2
x^3-3*x^2-18*x
x^3-9*x^2-36*x

 SITAs:
[ [ [ 1, 0, 0, 0, 0 ], [ 0, 1, 0, 0, 0 ], [ 0, 0, 1, 0, 0 ], [ 0, 0, 0, 1, 0 ], [ 0, 0, 0, 0, 1 ] ], 
  [ [ 0, 24, 0, 0, 0 ], [ 1, 9, 2, 3, 9 ], [ 0, 24, 0, 0, 0 ], [ 0, 12, 0, 0, 12 ], [ 0, 18, 0, 6, 0 ] ], 
  [ [ 0, 0, 2, 0, 0 ], [ 0, 2, 0, 0, 0 ], [ 1, 0, 1, 0, 0 ], [ 0, 0, 0, 2, 0 ], [ 0, 0, 0, 0, 2 ] ], 
  [ [ 0, 0, 0, 6, 0 ], [ 0, 3, 0, 0, 3 ], [ 0, 0, 0, 6, 0 ], [ 1, 0, 2, 3, 0 ], [ 0, 6, 0, 0, 0 ] ], 
  [ [ 0, 0, 0, 0, 12 ], [ 0, 9, 0, 3, 0 ], [ 0, 0, 0, 0, 12 ], [ 0, 12, 0, 0, 0 ], [ 1, 0, 2, 0, 9 ] ] ]

