 degree:18
 order:50
[ 18, 1, 3, 27 ][ 18, 0, 10 ][ 0, 0 ][ 2 ][ 0, 0 ][ 0 ][ 0 ]

minimal polynomial:[ x-18, x-3, x, x+2, x+12 ]x^2-1
x^3-x^2-6*x
x^4-36*x^3+207*x^2+972*x

 SITAs:
[ [ [ 1, 0, 0, 0, 0 ], [ 0, 1, 0, 0, 0 ], [ 0, 0, 1, 0, 0 ], [ 0, 0, 0, 1, 0 ], [ 0, 0, 0, 0, 1 ] ], 
  [ [ 0, 18, 0, 0, 0 ], [ 1, 1, 1, 0, 15 ], [ 0, 18, 0, 0, 0 ], [ 0, 0, 0, 0, 18 ], [ 0, 10, 0, 2, 6 ] ], 
  [ [ 0, 0, 1, 0, 0 ], [ 0, 1, 0, 0, 0 ], [ 1, 0, 0, 0, 0 ], [ 0, 0, 0, 1, 0 ], [ 0, 0, 0, 0, 1 ] ], 
  [ [ 0, 0, 0, 3, 0 ], [ 0, 0, 0, 0, 3 ], [ 0, 0, 0, 3, 0 ], [ 1, 0, 1, 1, 0 ], [ 0, 2, 0, 0, 1 ] ], 
  [ [ 0, 0, 0, 0, 27 ], [ 0, 15, 0, 3, 9 ], [ 0, 0, 0, 0, 27 ], [ 0, 18, 0, 0, 9 ], [ 1, 6, 1, 1, 18 ] ] ]

