 degree:8
 order:26
[ 8, 1, 8, 8 ][ 8, 2, 4 ][ 0, 0 ][ 2 ][ 0, 0 ][ 0 ][ 2 ]

minimal polynomial:[ x-8, x, x^3+2*x^2-16*x+8 ]
 Galois type:1

 minimal polynomial of other basis elements:
 x^2-1
x^5-6*x^4-32*x^3+136*x^2-64*x
x^5-6*x^4-32*x^3+136*x^2-64*x

 SITAs:
[ [ [ 1, 0, 0, 0, 0 ], [ 0, 1, 0, 0, 0 ], [ 0, 0, 1, 0, 0 ], [ 0, 0, 0, 1, 0 ], [ 0, 0, 0, 0, 1 ] ], 
  [ [ 0, 8, 0, 0, 0 ], [ 1, 0, 1, 2, 4 ], [ 0, 8, 0, 0, 0 ], [ 0, 2, 0, 4, 2 ], [ 0, 4, 0, 2, 2 ] ], 
  [ [ 0, 0, 1, 0, 0 ], [ 0, 1, 0, 0, 0 ], [ 1, 0, 0, 0, 0 ], [ 0, 0, 0, 1, 0 ], [ 0, 0, 0, 0, 1 ] ], 
  [ [ 0, 0, 0, 8, 0 ], [ 0, 2, 0, 4, 2 ], [ 0, 0, 0, 8, 0 ], [ 1, 4, 1, 0, 2 ], [ 0, 2, 0, 2, 4 ] ], 
  [ [ 0, 0, 0, 0, 8 ], [ 0, 4, 0, 2, 2 ], [ 0, 0, 0, 0, 8 ], [ 0, 2, 0, 2, 4 ], [ 1, 2, 1, 4, 0 ] ] ]

