 degree:6
 order:162
[ 6, 30, 50, 75 ][ 1, 0, 0, 0, 2, 4 ]

minimal polynomial:[ x-6, x-3, x, x+3, x+6 ]
[ x-30, x-3, x+6 ]
[ x-50, x-5, x+4 ]
[ x-75, x-3, x, x+3, x+75 ]
 SITA:
[ [ [ 1, 0, 0, 0, 0 ], [ 0, 1, 0, 0, 0 ], [ 0, 0, 1, 0, 0 ], [ 0, 0, 0, 1, 0 ], [ 0, 0, 0, 0, 1 ] ],
  [ [ 0, 6, 0, 0, 0 ], [ 1, 0, 5, 0, 0 ], [ 0, 1, 0, 0, 5 ], [ 0, 0, 0, 0, 6 ], [ 0, 0, 2, 4, 0 ] ],
  [ [ 0, 0, 30, 0, 0 ], [ 0, 5, 0, 0, 25 ], [ 1, 0, 9, 20, 0 ], [ 0, 0, 12, 18, 0 ], [ 0, 2, 0, 0, 28 ] ],
  [ [ 0, 0, 0, 50, 0 ], [ 0, 0, 0, 0, 50 ], [ 0, 0, 20, 30, 0 ], [ 1, 0, 18, 31, 0 ], [ 0, 4, 0, 0, 46 ] ],
  [ [ 0, 0, 0, 0, 75 ], [ 0, 0, 25, 50, 0 ], [ 0, 5, 0, 0, 70 ], [ 0, 6, 0, 0, 69 ], [ 1, 0, 28, 46, 0 ] ] ]

 