 degree:12
 order:36
[ 12, 2, 6, 15 ][ 12, 2, 4 ][ 0, 0 ][ 4 ][ 0, 0 ][ 0 ][ 0 ]

minimal polynomial:[ x-12, x-5, x, x+4, x+6 ]x^2-x-2
x^3-3*x^2-18*x
x^4-16*x^3-15*x^2+450*x

 SITAs:
[ [ [ 1, 0, 0, 0, 0 ], [ 0, 1, 0, 0, 0 ], [ 0, 0, 1, 0, 0 ], [ 0, 0, 0, 1, 0 ], [ 0, 0, 0, 0, 1 ] ], 
  [ [ 0, 12, 0, 0, 0 ], [ 1, 3, 2, 1, 5 ], [ 0, 12, 0, 0, 0 ], [ 0, 2, 0, 0, 10 ], [ 0, 4, 0, 4, 4 ] ], 
  [ [ 0, 0, 2, 0, 0 ], [ 0, 2, 0, 0, 0 ], [ 1, 0, 1, 0, 0 ], [ 0, 0, 0, 2, 0 ], [ 0, 0, 0, 0, 2 ] ], 
  [ [ 0, 0, 0, 6, 0 ], [ 0, 1, 0, 0, 5 ], [ 0, 0, 0, 6, 0 ], [ 1, 0, 2, 3, 0 ], [ 0, 4, 0, 0, 2 ] ], 
  [ [ 0, 0, 0, 0, 15 ], [ 0, 5, 0, 5, 5 ], [ 0, 0, 0, 0, 15 ], [ 0, 10, 0, 0, 5 ], [ 1, 4, 2, 2, 6 ] ] ]

