 degree:10
 order:36
[ 10, 1, 14, 10 ][ 10, 0, 3 ][ 0, 0 ][ 7 ][ 0, 0 ][ 0 ][ 7 ]

minimal polynomial:[ x-10, x-7, x, x+2, x+5 ]x^2-1
x^4-9*x^3-84*x^2+196*x
x^3-8*x^2-20*x

 SITAs:
[ [ [ 1, 0, 0, 0, 0 ], [ 0, 1, 0, 0, 0 ], [ 0, 0, 1, 0, 0 ], [ 0, 0, 0, 1, 0 ], [ 0, 0, 0, 0, 1 ] ], 
  [ [ 0, 10, 0, 0, 0 ], [ 1, 5, 1, 0, 3 ], [ 0, 10, 0, 0, 0 ], [ 0, 0, 0, 5, 5 ], [ 0, 3, 0, 7, 0 ] ], 
  [ [ 0, 0, 1, 0, 0 ], [ 0, 1, 0, 0, 0 ], [ 1, 0, 0, 0, 0 ], [ 0, 0, 0, 1, 0 ], [ 0, 0, 0, 0, 1 ] ], 
  [ [ 0, 0, 0, 14, 0 ], [ 0, 0, 0, 7, 7 ], [ 0, 0, 0, 14, 0 ], [ 1, 5, 1, 2, 5 ], [ 0, 7, 0, 7, 0 ] ], 
  [ [ 0, 0, 0, 0, 10 ], [ 0, 3, 0, 7, 0 ], [ 0, 0, 0, 0, 10 ], [ 0, 5, 0, 5, 0 ], [ 1, 0, 1, 0, 8 ] ] ]

