 degree:18
 order:40
[ 18, 1, 2, 18 ][ 18, 0, 8 ][ 0, 0 ][ 2 ][ 0, 0 ][ 0 ][ 0 ]

minimal polynomial:[ x-18, x-6, x, x+2, x+6 ]x^2-1
x^3-4*x
x^5-16*x^4-72*x^3+576*x^2+1296*x

 SITAs:
[ [ [ 1, 0, 0, 0, 0 ], [ 0, 1, 0, 0, 0 ], [ 0, 0, 1, 0, 0 ], [ 0, 0, 0, 1, 0 ], [ 0, 0, 0, 0, 1 ] ], 
  [ [ 0, 18, 0, 0, 0 ], [ 1, 8, 1, 0, 8 ], [ 0, 18, 0, 0, 0 ], [ 0, 0, 0, 0, 18 ], [ 0, 8, 0, 2, 8 ] ], 
  [ [ 0, 0, 1, 0, 0 ], [ 0, 1, 0, 0, 0 ], [ 1, 0, 0, 0, 0 ], [ 0, 0, 0, 1, 0 ], [ 0, 0, 0, 0, 1 ] ], 
  [ [ 0, 0, 0, 2, 0 ], [ 0, 0, 0, 0, 2 ], [ 0, 0, 0, 2, 0 ], [ 1, 0, 1, 0, 0 ], [ 0, 2, 0, 0, 0 ] ], 
  [ [ 0, 0, 0, 0, 18 ], [ 0, 8, 0, 2, 8 ], [ 0, 0, 0, 0, 18 ], [ 0, 18, 0, 0, 0 ], [ 1, 8, 1, 0, 8 ] ] ]

