 degree:12
 order:42
[ 12, 1, 16, 12 ][ 12, 0, 4 ][ 0, 0 ][ 8 ][ 0, 0 ][ 0 ][ 8 ]

minimal polynomial:[ x-12, x-8, x, x+2, x+6 ]x^2-1
x^4-10*x^3-112*x^2+256*x
x^3-10*x^2-24*x

 SITAs:
[ [ [ 1, 0, 0, 0, 0 ], [ 0, 1, 0, 0, 0 ], [ 0, 0, 1, 0, 0 ], [ 0, 0, 0, 1, 0 ], [ 0, 0, 0, 0, 1 ] ], 
  [ [ 0, 12, 0, 0, 0 ], [ 1, 6, 1, 0, 4 ], [ 0, 12, 0, 0, 0 ], [ 0, 0, 0, 6, 6 ], [ 0, 4, 0, 8, 0 ] ], 
  [ [ 0, 0, 1, 0, 0 ], [ 0, 1, 0, 0, 0 ], [ 1, 0, 0, 0, 0 ], [ 0, 0, 0, 1, 0 ], [ 0, 0, 0, 0, 1 ] ], 
  [ [ 0, 0, 0, 16, 0 ], [ 0, 0, 0, 8, 8 ], [ 0, 0, 0, 16, 0 ], [ 1, 6, 1, 2, 6 ], [ 0, 8, 0, 8, 0 ] ], 
  [ [ 0, 0, 0, 0, 12 ], [ 0, 4, 0, 8, 0 ], [ 0, 0, 0, 0, 12 ], [ 0, 6, 0, 6, 0 ], [ 1, 0, 1, 0, 10 ] ] ]

