 degree:18
 order:36
[ 18, 2, 9, 6 ][ 9, 8, 12 ][ 2, 0 ][ 6 ][ 0, 0 ][ 0 ][ 3 ]

minimal polynomial:[ x-18, x-3, x, x+3, x+6 ]x^2-x-2
x^4-9*x^3-9*x^2+81*x
x^3-3*x^2-18*x

 SITAs:
[ [ [ 1, 0, 0, 0, 0 ], [ 0, 1, 0, 0, 0 ], [ 0, 0, 1, 0, 0 ], [ 0, 0, 0, 1, 0 ], [ 0, 0, 0, 0, 1 ] ], 
  [ [ 0, 18, 0, 0, 0 ], [ 1, 8, 1, 4, 4 ], [ 0, 9, 0, 9, 0 ], [ 0, 8, 2, 4, 4 ], [ 0, 12, 0, 6, 0 ] ], 
  [ [ 0, 0, 2, 0, 0 ], [ 0, 1, 0, 1, 0 ], [ 1, 0, 1, 0, 0 ], [ 0, 2, 0, 0, 0 ], [ 0, 0, 0, 0, 2 ] ], 
  [ [ 0, 0, 0, 9, 0 ], [ 0, 4, 1, 2, 2 ], [ 0, 9, 0, 0, 0 ], [ 1, 4, 0, 2, 2 ], [ 0, 6, 0, 3, 0 ] ], 
  [ [ 0, 0, 0, 0, 6 ], [ 0, 4, 0, 2, 0 ], [ 0, 0, 0, 0, 6 ], [ 0, 4, 0, 2, 0 ], [ 1, 0, 2, 0, 3 ] ] ]

