 degree:24
 order:48
[ 24, 3, 8, 12 ][ 24, 12, 16 ][ 0, 0 ][ 8 ][ 0, 0 ][ 0 ][ 0 ]

minimal polynomial:[ x-24, x-4, x, x+8, x+12 ]x^2-2*x-3
x^3-4*x^2-32*x
x^3-8*x^2-48*x

 SITAs:
[ [ [ 1, 0, 0, 0, 0 ], [ 0, 1, 0, 0, 0 ], [ 0, 0, 1, 0, 0 ], [ 0, 0, 0, 1, 0 ], [ 0, 0, 0, 0, 1 ] ], 
  [ [ 0, 24, 0, 0, 0 ], [ 1, 8, 3, 4, 8 ], [ 0, 24, 0, 0, 0 ], [ 0, 12, 0, 0, 12 ], [ 0, 16, 0, 8, 0 ] ], 
  [ [ 0, 0, 3, 0, 0 ], [ 0, 3, 0, 0, 0 ], [ 1, 0, 2, 0, 0 ], [ 0, 0, 0, 3, 0 ], [ 0, 0, 0, 0, 3 ] ], 
  [ [ 0, 0, 0, 8, 0 ], [ 0, 4, 0, 0, 4 ], [ 0, 0, 0, 8, 0 ], [ 1, 0, 3, 4, 0 ], [ 0, 8, 0, 0, 0 ] ], 
  [ [ 0, 0, 0, 0, 12 ], [ 0, 8, 0, 4, 0 ], [ 0, 0, 0, 0, 12 ], [ 0, 12, 0, 0, 0 ], [ 1, 0, 3, 0, 8 ] ] ]

