 degree:6
 order:21
[ 6, 2, 6, 6 ][ 6, 0, 2 ][ 0, 0 ][ 4 ][ 0, 0 ][ 0 ][ 0 ]

minimal polynomial:[ x-6, x, x^3+3*x^2-18*x-48 ]
 Galois type:1

 minimal polynomial of other basis elements:
 x^2-x-2
x^5-3*x^4-36*x^3+60*x^2+288*x
x^5-3*x^4-36*x^3+60*x^2+288*x

 SITAs:
[ [ [ 1, 0, 0, 0, 0 ], [ 0, 1, 0, 0, 0 ], [ 0, 0, 1, 0, 0 ], [ 0, 0, 0, 1, 0 ], [ 0, 0, 0, 0, 1 ] ], 
  [ [ 0, 6, 0, 0, 0 ], [ 1, 1, 2, 0, 2 ], [ 0, 6, 0, 0, 0 ], [ 0, 0, 0, 2, 4 ], [ 0, 2, 0, 4, 0 ] ], 
  [ [ 0, 0, 2, 0, 0 ], [ 0, 2, 0, 0, 0 ], [ 1, 0, 1, 0, 0 ], [ 0, 0, 0, 2, 0 ], [ 0, 0, 0, 0, 2 ] ], 
  [ [ 0, 0, 0, 6, 0 ], [ 0, 0, 0, 2, 4 ], [ 0, 0, 0, 6, 0 ], [ 1, 2, 2, 1, 0 ], [ 0, 4, 0, 0, 2 ] ], 
  [ [ 0, 0, 0, 0, 6 ], [ 0, 2, 0, 4, 0 ], [ 0, 0, 0, 0, 6 ], [ 0, 4, 0, 0, 2 ], [ 1, 0, 2, 2, 1 ] ] ]

