 degree:12
 order:48
[ 12, 22, 1, 12 ][ 6, 0, 0 ][ 0, 11 ][ 1 ][ 22, 0 ][ 0 ][ 0 ]

minimal polynomial:[ x-12, x, x+12, x^2-12 ]
 Galois type:1

 minimal polynomial of other basis elements:
 x^3-20*x^2-44*x
x^2-1
x^5-156*x^3+1728*x

 SITAs:
[ [ [ 1, 0, 0, 0, 0 ], [ 0, 1, 0, 0, 0 ], [ 0, 0, 1, 0, 0 ], [ 0, 0, 0, 1, 0 ], [ 0, 0, 0, 0, 1 ] ], 
  [ [ 0, 12, 0, 0, 0 ], [ 1, 0, 11, 0, 0 ], [ 0, 6, 0, 0, 6 ], [ 0, 0, 0, 0, 12 ], [ 0, 0, 11, 1, 0 ] ], 
  [ [ 0, 0, 22, 0, 0 ], [ 0, 11, 0, 0, 11 ], [ 1, 0, 20, 1, 0 ], [ 0, 0, 22, 0, 0 ], [ 0, 11, 0, 0, 11 ] ], 
  [ [ 0, 0, 0, 1, 0 ], [ 0, 0, 0, 0, 1 ], [ 0, 0, 1, 0, 0 ], [ 1, 0, 0, 0, 0 ], [ 0, 1, 0, 0, 0 ] ], 
  [ [ 0, 0, 0, 0, 12 ], [ 0, 0, 11, 1, 0 ], [ 0, 6, 0, 0, 6 ], [ 0, 12, 0, 0, 0 ], [ 1, 0, 11, 0, 0 ] ] ]

